1.91683
1.49099
0.838621
0.111025
4.15569
3.15588
0.968692
8.05711
3.70175
4.31006
0.657564
1.42752
2.81463
0.949952
0.911097
3.11274
0.0629813
0.294218
2.0212
3.74681
1.54568
0.189721
2.31864
0.109546
1.51815
0.703091
1.0607
0.456815
0.19104
2.31609
2.00206
2.50353
3.06866
1.55262
8.63998
2.68188
3.19206
0.0559761
0.439299
0.944492
8.625
1.91162
0.335654
0.756381
1.31788
0.224099
1.0974
5.42713
2.82528
0.459581
0.602751
3.98873
1.66712
1.98365
0.233967
0.261585
0.795887
6.8903
0.0342923
0.862181
8.16088
6.3165
1.31132
0.823771
1.48972
0.939687
3.18713
0.413556
0.313542
4.98991
1.46045
1.12178
0.330693
3.21089
0.0227287
0.261357
2.38607
6.36412
0.686953
4.68473
4.69935
1.03436
0.0322588
0.516247
1.24128
0.0808108
2.75348
4.75893
0.8767
1.67173
2.50983
1.78564
3.63047
6.92189
0.338495
0.185547
1.79396
2.23315
0.895702
1.27694
4.82257
1.58903
0.435566
1.31016
0.130571
2.17416
3.65394
0.571634
3.35543
0.92852
2.41931
0.212944
1.55219
4.25726
0.329985
1.20808
2.767
0.0617433
2.17713
1.73786
1.30209
0.74677
0.230148
0.319164
1.36283
0.26935
0.142992
0.727399
2.38211
1.7312
2.18129
1.40075
0.2085
8.70106
1.58638
2.04608
2.31545
0.428368
2.75665
1.31324
1.83308
0.783716
0.187742
1.02432
0.902913
1.18443
1.33418
1.89041
1.56308
0.28982
0.210943
1.2121
0.971616
1.56746
1.35258
2.33721
1.46087
2.35272
1.17685
1.68283
0.123325
5.68774
0.866803
1.3514
1.84462
0.413065
1.79592
2.1588
1.32136
3.67393
2.13888
0.92852
3.20492
1.59302
7.5186
1.35612
0.823469
0.481343
0.139772
1.28377
0.251353
0.181601
4.95388
4.10833
1.91735
4.84274
0.633535
0.935532
5.42412
0.753464
3.95233
2.61423
2.40995
1.92101
5.42111
0.065873
1.52542
0.0510459
2.71503
0.71078
0.127797
0.159819
1.12283
2.95331
0.490778
2.18069
0.525069
0.797972
1.05493
6.42281
3.42627
0.853275
5.98348
2.18904
0.955104
0.342289
0.0988007
0.195667
0.447287
0.640135
4.38388
0.521172
5.00207
1.52371
0.963829
1.64788
2.5225
0.307468
2.25032
0.431839
1.60905
0.742997
0.284971
0.205173
0.307235
0.110391
0.790535
0.688646
4.3696
1.42262
1.89866
1.43283
0.016871
1.79985
1.00208
0.944813
0.566318
7.57961
2.79512
1.54958
1.22719
0.738363
1.21247
2.81626
0.514435
2.05277
1.22277
2.79512
5.67746
0.595734
0.394708
0.765451
0.539684
0.8767
5.43923
1.14824
3.51704
1.3899
2.28827
3.66017
3.29117
4.24219
0.338258
0.733739
5.21008
4.73959
0.0673204
3.23898
0.309102
0.377001
1.6968
0.304671
4.1944
0.0209089
3.8648
1.30632
1.69306
0.804839
0.778396
2.40995
0.341577
0.726249
0.0342923
4.81589
0.321746
0.759595
0.242754
2.84426
0.791723
3.59153
2.17594
1.72977
0.231046
2.38937
0.677951
8.41279
4.49052
6.3118
1.99934
2.42805
0.965124
0.0524826
4.37673
4.40548
2.59583
0.822564
1.78808
0.155275
2.83598
5.61685
5.504
1.30862
1.26523
0.317054
0.663686
1.27391
2.93501
4.32739
3.22288
0.664522
0.0332753
0.173078
5.19929
7.09476
0.170898
1.9231
0.463612
2.17713
1.53531
3.59274
0.72999
0.343238
0.085815
1.77784
3.25928
1.90021
1.7274
2.1418
4.76759
1.07948
0.801552
0.676548
0.903542
3.12893
5.18053
1.8547
1.13514
4.22724
0.17068
4.28434
0.424902
9.53538
2.67349
0.516505
0.306769
1.12951
2.13888
6.38837
3.61334
0.61577
0.495641
0.0908317
0.283588
2.31545
1.08635
3.70047
1.60325
4.40367
2.5388
5.58395
6.3118
2.59071
0.457569
2.36312
0.401053
0.0824775
2.8584
1.04007
3.47341
3.08917
1.26938
0.0826859
1.63515
1.19895
2.74557
0.863413
1.10468
0.448538
0.15787
2.58124
2.19563
3.38347
0.350374
4.93964
0.683291
2.12842
7.20908
2.75031
1.45921
1.46961
2.82692
0.613322
3.29948
12.5318
1.10017
0.894763
0.392273
1.5561
5.51974
1.61353
3.12034
3.54391
1.96219
0.585255
0.780759
1.35534
1.33067
1.15357
2.9842
5.10209
0.14837
1.19895
0.344901
0.375312
0.332345
0.867421
0.327863
3.16365
1.14186
3.12989
2.41529
5.1305
3.38347
1.81367
1.7274
0.788754
0.686953
0.348945
1.2521
0.0500203
0.510559
0.369289
2.04831
0.736917
1.80626
1.88168
5.57094
4.09124
0.214948
0.728838
0.452045
0.622857
1.9231
1.36165
0.778396
0.969017
0.895076
0.746189
2.54593
0.666475
1.05832
2.33721
0.776036
0.731431
0.338021
1.45134
1.8863
1.87605
2.1641
0.160252
2.14122
0.262497
0.457317
0.607352
3.59033
0.15333
0.891637
4.47922
2.03333
1.92519
0.214725
0.792614
0.220299
3.61091
4.4943
3.44409
3.23898
0.541781
3.12797
0.0516615
0.819549
6.09827
1.41733
7.83407
0.185547
4.6785
4.60117
3.43962
3.92083
3.10139
2.57326
2.87265
3.28083
5.50087
2.41061
1.17649
2.45312
0.0943929
0.682447
3.21888
0.202737
0.969341
0.726249
0.37507
1.27089
1.90228
6.18449
1.31209
0.0543313
0.581774
0.717068
3.26746
3.72479
0.472204
0.254076
1.36917
0.145141
1.84915
0.327863
4.48298
0.299089
2.06509
2.40995
0.0114326
4.0697
1.12389
3.67896
1.80182
6.33542
1.67588
2.15351
0.677109
1.02666
1.14292
3.92225
4.90682
2.35012
0.315414
1.64697
1.67635
2.93068
0.784604
3.34156
3.57593
5.91302
2.83929
2.10193
0.0808108
1.3831
0.435317
3.51124
0.0866502
1.25397
0.247502
0.409625
0.832243
2.82281
0.50669
0.322686
0.841361
0.621219
9.00162
0.595734
2.42401
3.28186
2.64326
0.187083
2.26765
2.39731
1.1355
1.38549
0.0397933
1.22904
3.88284
0.194344
1.06546
0.312606
0.235766
2.25526
0.912359
0.285894
0.864953
0.643995
5.30712
3.2089
3.54627
1.72597
1.48678
2.10365
0.478292
1.21614
1.48216
0.265463
4.69726
1.66436
3.91657
0.483888
1.94572
4.22228
0.600589
2.00206
2.47093
0.924071
7.68873
1.47754
7.1087
3.9902
0.0351063
1.7071
1.08291
2.92117
3.51936
1.61084
2.698
1.7255
3.38781
4.26568
1.48552
0.259762
0.777806
2.17772
0.121837
3.04102
2.16174
1.53617
6.2654
1.75174
1.11165
3.59153
3.14911
0.415279
2.72281
3.30156
0.799761
1.70288
3.03281
5.76838
1.64151
9.583
4.48675
3.49166
1.19204
0.445787
0.0353099
1.87095
0.534713
1.6662
0.296768
0.368327
0.994832
0.280824
4.19766
2.13888
0.772502
3.97263
1.7832
0.147508
1.16107
3.39545
2.16351
1.81565
1.97557
0.853888
2.36377
2.55811
0.110603
6.88404
4.94201
1.80872
3.35758
3.27876
0.248634
0.178537
0.649799
3.64526
1.92729
0.777216
1.27732
0.151172
0.100482
2.11859
2.56892
1.57711
0.289358
1.89041
3.39217
1.97772
0.334708
1.81615
0.207169
2.41329
2.34948
0.976172
2.41864
0.112083
0.290977
1.25472
4.54024
0.219407
0.363763
0.839229
5.45447
0.773974
6.20219
3.31306
1.80971
0.853888
3.77698
0.207169
6.53508
5.51343
0.0922973
1.13268
6.37379
2.43209
1.82261
1.68469
7.29932
1.5802
0.580437
2.71347
0.00080016
2.74242
7.53585
4.22889
0.073328
0.555992
1.50834
0.364483
0.76868
2.57906
3.32884
0.251353
1.01035
1.34199
0.345139
1.52457
0.351566
1.32912
2.9006
0.197432
2.04998
2.67653
5.57419
3.46095
1.31402
0.983027
2.05389
2.7511
2.59877
0.623403
0.0351063
0.0442867
2.74636
1.95953
1.19713
0.695147
0.0102261
2.61127
5.17787
5.85241
2.33143
0.0745732
0.828911
0.357775
2.86845
1.91944
4.93492
0.834671
0.245013
1.97343
0.0791456
0.572699
0.968367
5.33862
0.684699
4.92551
0.52689
0.189061
0.976824
0.260673
8.00171
6.84689
0.308635
3.70047
8.56617
2.95507
0.794101
2.38541
9.98167
0.397146
1.01766
0.0615371
3.96681
1.9085
0.00060009
0.426634
0.692318
0.697981
1.88835
4.8248
0.114199
0.756673
1.18986
0.376035
0.765158
0.972591
1.82161
0.744738
1.95846
0.703659
1.3827
0.0180815
0.0213132
0.100693
0.319164
4.74602
2.22826
1.79004
4.43465
3.5357
5.88628
1.11933
1.83759
1.45796
2.43682
0.359929
1.42222
1.074
0.105747
3.54627
2.92549
0.0475611
0.896328
1.59524
1.64333
1.14328
3.69539
2.45653
7.1157
1.05086
2.13306
0.400808
0.157654
2.28764
4.31697
8.48105
1.06274
9.19044
1.578
2.1418
2.63652
0.0512511
0.986626
2.6712
0.729702
2.16942
0.0990108
0.640135
0.748514
2.10365
0.186425
1.44021
1.66252
0.117166
1.34042
3.16462
2.78141
0.245918
1.44804
0.762814
0.472711
7.32253
0.386684
2.50143
0.027995
2.19863
2.58561
0.865878
0.0592696
0.230597
0.314946
5.02661
0.0355134
1.02666
1.16464
2.81055
2.91258
7.77466
2.56243
0.828305
1.3819
4.17656
1.75558
7.88496
8.18469
2.05668
4.6785
0.242528
0.881045
3.06033
1.3895
0.910782
2.65907
1.20515
0.923436
3.95521
0.664801
2.00806
0.432088
0.512108
1.3416
0.1387
2.49098
2.51334
0.412081
0.714207
1.39873
2.5878
0.0399973
2.65153
0.46336
2.68877
1.72029
3.01828
0.0607122
2.22461
0.973893
0.87763
5.61685
3.15007
3.89542
1.59258
1.61487
0.574831
3.88145
0.619038
1.44639
2.05892
1.53703
4.38209
5.11495
0.164808
5.44836
0.61931
1.03872
1.08739
1.1408
2.0212
3.8103
5.1305
3.05848
3.45532
0.719646
2.57398
15.2018
6.71628
0.625316
1.67219
0.226785
2.14472
3.54627
0.304206
0.572433
1.41733
2.66589
0.919315
0.357297
1.96593
3.49281
2.45927
0.808432
0.76135
0.312372
0.342763
0.105325
2.58124
0.735472
0.530798
4.53444
0.101745
0.379418
2.56459
2.0724
3.1213
6.02372
0.065253
0.459078
2.39797
0.5018
1.75799
4.7894
5.3531
0.734894
0.738941
1.85369
5.35893
0.120562
0.0824775
1.02566
2.31227
0.162854
3.00296
2.28701
1.70194
3.91657
0.273702
2.46132
1.21945
1.08223
0.901657
0.0656663
0.395683
1.61577
3.31936
0.450542
0.145572
1.24762
1.21284
0.751424
2.06396
3.83737
1.15999
0.668709
0.0508408
0.295145
1.2952
4.14771
3.23293
6.20219
0.116318
3.71965
0.105115
0.248634
5.37062
0.73605
2.21854
2.07861
3.63169
0.192141
2.6773
1.23905
0.381111
0.736339
0.55837
1.54568
1.68841
0.566849
1.03906
1.99446
1.79887
2.04664
3.44186
0.56924
5.27891
2.85173
2.54665
5.39719
1.01168
0.0223241
4.25894
2.38211
0.951239
2.61941
2.99222
0.454303
7.22384
0.698548
1.05425
3.08169
1.47294
0.395439
0.28982
7.18714
2.90829
0.797972
3.06773
1.51857
1.57009
1.05323
3.12702
0.77309
1.81714
6.66521
0.697981
0.777511
0.345376
1.17002
7.17988
0.863413
0.576431
0.405947
1.56658
1.61039
0.0969104
0.0502254
1.9885
2.19323
0.591428
0.425891
1.69166
1.1033
0.0749884
0.459581
0.443789
0.628052
0.184231
1.86281
0.626137
2.282
0.794994
2.69492
0.556256
2.20464
3.12415
2.32438
5.69118
0.734605
2.05054
2.16351
5.59049
4.6354
7.33815
0.393734
1.13974
0.792317
0.257941
0.504115
1.49605
0.576698
0.165025
1.75799
0.685262
3.4097
2.40661
2.19802
0.413556
3.10706
0.0461279
2.4173
2.57979
5.77555
3.45194
0.225666
1.25997
1.33808
0.711922
10.2998
0.366164
0.142562
3.01557
5.84868
0.104904
2.83681
0.5987
1.83608
2.29708
0.59897
1.57184
0.210943
0.219183
4.27075
0.798568
3.11085
0.415525
4.98265
0.741548
2.60538
0.792317
0.954137
3.41741
0.407172
1.6639
8.89633
0.601129
0.229027
0.262953
1.36165
2.58634
0.108912
0.854195
0.199862
2.25711
4.24219
1.94361
0.550717
0.548084
2.59291
2.36312
1.88322
0.330929
5.96761
1.94572
0.101324
1.61757
0.222981
0.240272
0.393003
2.0245
3.78758
3.47341
1.22313
0.403009
1.99663
3.81704
1.2465
0.211388
1.66942
1.44474
0.519096
1.3839
2.23926
2.00697
1.24314
10.9453
0.777216
1.26222
0.291208
0.913938
5.3531
4.56753
6.94109
1.792
5.90152
0.970966
2.18069
0.872674
1.7503
4.24888
4.74387
1.25734
1.62521
0.647862
2.35856
0.699966
2.08768
0.241851
0.528973
3.77038
0.637658
1.7604
2.36573
2.83846
0.214725
3.02372
0.414294
1.47169
5.14355
4.41273
6.18009
0.717068
2.89804
1.75703
0.527931
2.44563
0.240272
0.206947
0.573765
1.03168
0.401786
0.247049
0.0408136
2.19682
0.572433
2.54165
0.120774
10.7634
1.39511
0.0906224
1.17902
5.99146
1.66482
1.3656
0.122475
4.36783
0.580437
0.62997
5.15404
3.47568
0.635733
3.15201
3.82785
0.0395893
6.68774
1.65336
0.506175
0.468156
4.86084
1.93886
0.489501
0.466388
0.65451
0.222087
2.18665
1.02365
1.10712
0.146863
5.75057
4.14453
0.468156
0.095022
0.693166
0.840751
2.43007
0.247049
2.15116
0.429359
0.502058
1.03469
0.861874
0.241174
0.531059
0.585791
2.56964
7.04673
2.87855
1.39914
2.71658
1.99771
2.3231
4.8248
0.130144
1.94996
0.747933
0.378451
1.17469
0.395195
0.649799
1.71039
1.30901
6.47306
4.09279
7.20908
2.57326
1.90384
0.459833
0.923119
0.919948
9.17074
0.122049
0.121837
8.67029
2.28325
1.30133
2.29078
1.735
0.00942216
5.22094
0.0453094
1.55654
0.69713
5.67404
0.946739
2.30846
2.01681
1.8547
3.75594
0.679636
0.572699
2.10365
0.958008
1.49944
0.53393
1.7793
2.19622
2.80729
0.647586
2.42939
3.47682
1.85369
2.49724
4.34663
0.677389
0.173514
14.0262
3.59033
0.698548
0.555199
0.309568
0.48236
0.0576222
1.58505
2.02285
0.0221219
0.993188
0.714493
0.998782
1.34708
3.84693
1.02967
4.17495
2.22765
5.15931
5.39126
1.60102
0.150094
0.244561
1.16787
0.0939736
1.29788
0.396414
0.860951
1.28681
0.912044
1.24017
2.09223
3.77963
0.130571
0.821659
3.9814
2.16824
0.896954
1.64014
5.52924
2.30783
0.582577
1.94784
0.290514
1.23645
3.32146
3.13659
1.53833
2.43344
1.79936
0.484143
2.27699
0.763986
0.0762346
0.886646
1.04884
1.18516
1.80083
4.80702
1.81615
1.61891
1.31942
1.65107
0.210943
0.234866
6.78051
1.52714
1.42466
4.58329
1.735
0.382805
0.170027
1.80083
0.805438
0.0426516
0.0144521
2.03167
0.938728
4.16851
0.427872
0.411098
0.0261705
0.326215
0.458072
5.57744
1.10087
2.00043
4.04839
3.95521
0.0990108
3.35009
1.01433
0.204952
0.166763
0.11018
1.15821
1.00902
1.59879
2.2633
0.677389
4.43465
0.0600938
1.08704
2.53525
0.278754
1.66942
0.714779
0.124176
0.691753
1.22019
1.26147
0.340154
4.78502
0.0172744
1.40438
4.81367
6.40797
0.497436
0.891325
2.97533
1.91892
4.95864
0.091041
1.49014
4.17172
0.406927
3.42405
2.46818
7.83407
6.03187
0.032462
2.46749
5.12012
0.588474
1.88989
2.06284
2.72985
0.00480577
3.57713
9.19044
1.57623
1.93886
0.481597
0.87639
1.55828
0.443789
1.792
4.2372
1.80379
0.0621559
2.48127
2.01243
1.13232
1.39873
0.514694
2.18367
0.26592
3.62188
2.35921
2.69415
0.0929257
0.322451
0.519096
0.0973303
0.652569
4.07583
0.0174761
1.82111
1.32873
5.59049
9.25075
6.47816
0.840143
6.13661
0.218291
0.130998
1.39351
2.51123
3.89823
0.322686
0.20473
1.51005
2.19203
0.122262
0.335891
1.15322
5.64356
5.77914
2.07974
0.759302
5.17787
2.94719
1.42099
0.00280196
2.69877
0.548084
0.333054
0.018687
2.2143
4.21898
0.956072
0.553352
0.595734
1.87861
0.959946
0.740679
2.00152
1.68841
0.0675273
1.519
0.218291
2.01407
0.113564
1.02265
1.64333
1.21101
0.764279
0.00821686
0.734605
3.53804
0.386684
2.21188
3.12606
1.01666
0.692318
0.509784
3.07796
1.72645
0.887892
1.21541
2.15351
0.228354
3.33413
1.91944
0.920582
0.688082
1.31865
3.73124
0.0983805
0.175041
2.19983
5.21279
1.48341
6.74522
3.21488
2.12958
1.19458
2.25897
0.911728
2.50213
0.804241
1.25023
1.66712
0.139987
5.81911
1.49732
0.792614
0.415033
0.514694
3.53335
2.17357
0.770737
0.616858
0.50566
0.0292123
4.87223
1.71133
0.192361
1.7503
0.80454
2.10823
1.14328
0.614409
2.25341
0.781054
1.48636
0.0862326
0.769267
2.64026
1.5714
0.856956
0.676267
0.902599
0.0408136
3.00656
0.445787
2.26703
2.60317
0.0747808
0.805737
0.381837
5.1253
1.89247
7.31476
0.576698
0.822262
0.300483
0.177444
2.50423
1.50495
0.358253
3.56164
0.675987
7.7456
8.41279
2.95419
5.64692
0.101324
0.344901
1.54525
1.40034
3.50662
1.02866
0.444788
0.816237
5.81178
5.07156
0.691187
3.0219
0.166981
2.76142
0.0444912
0.158952
1.76958
3.32252
0.500773
0.814433
0.274161
0.0710471
0.312606
5.77196
1.31093
7.61533
5.54518
0.704512
0.557313
0.211832
1.48636
0.911728
3.2974
0.0498153
2.50913
0.272327
2.58707
0.644547
1.10503
0.20473
0.528192
0.701386
0.325038
4.10677
1.08911
1.1274
0.661458
4.57539
2.16587
1.92415
10.5966
0.0290094
1.7274
0.552825
0.650353
0.830122
4.11928
3.73771
0.439299
3.95377
0.142133
1.9028
0.501286
0.259306
7.24618
1.3577
1.41044
0.0543313
0.385229
1.33808
0.938088
3.73901
0.913622
1.14257
1.34042
2.53241
1.73786
0.604644
0.306069
1.80182
2.10823
0.48287
0.385229
1.90073
7.24618
0.00841769
1.245
1.04681
0.370732
4.58527
1.48383
8.74812
2.04608
0.110603
0.108279
2.69492
0.806635
1.6616
4.96821
1.17866
2.32566
0.970966
4.0743
1.16966
0.680479
0.761643
1.55175
0.100903
0.759302
0.410362
0.820151
1.50537
1.81367
1.94097
2.54593
0.978454
0.637658
7.8953
0.295608
2.0928
3.06495
0.982373
1.62657
0.690057
1.46961
0.873912
2.96737
5.52924
2.96121
1.39552
3.71068
4.62729
1.25547
9.23044
0.126732
3.961
0.30374
0.614681
0.824375
1.53015
2.20584
2.9842
2.65907
1.65016
2.92894
3.01376
1.22867
2.63727
4.5095
0.563135
1.02265
2.2633
0.552034
0.818043
4.93492
0.535497
0.161769
0.999442
0.856649
1.75462
3.38564
1.15073
0.43482
1.0716
1.69586
7.63343
2.36508
2.50633
0.351804
2.24663
2.12032
2.19024
2.8016
0.602751
0.225666
2.30973
0.494616
0.660901
1.67357
1.54915
2.89804
1.12213
0.0393853
1.59125
5.2155
1.70101
1.02733
2.29267
3.35436
0.0504305
2.91
0.0623622
1.29711
0.932661
1.00109
0.743287
5.95578
2.07974
4.05142
0.433081
2.6621
2.19863
6.07311
2.1453
1.58638
1.91214
0.711351
3.54391
2.16469
1.18443
2.77499
2.12668
1.25622
1.522
1.54049
0.798867
0.705935
0.65812
0.599779
0.805139
5.17255
2.887
0.973567
0.386441
0.0625686
1.45713
2.01517
0.365924
0.703943
1.64606
1.61218
0.229027
0.172641
1.63334
1.09221
5.68774
0.0353099
0.870509
4.42184
0.891012
3.32041
1.81367
2.99133
1.14009
0.344426
7.96919
1.7071
0.0572105
2.41395
0.678231
0.123325
0.618493
1.59657
1.0607
1.93306
2.46132
0.132493
0.707074
0.0395893
0.586059
0.768386
0.837709
1.46669
4.3187
0.0572105
0.25158
0.725961
0.556256
4.17495
1.39994
10.4801
0.495641
4.17172
1.45631
1.08945
1.05968
2.20705
9.583
2.66816
2.07409
0.279674
0.0414261
1.03335
0.506432
1.25584
0.748224
1.42222
3.66892
0.396658
4.72679
1.14115
5.87493
0.444288
0.980739
2.09223
0.540208
3.06959
0.253395
0.660901
3.62924
0.68076
1.32757
2.06846
5.17521
2.36442
2.93588
0.033682
3.76643
0.90417
0.186864
0.591428
1.02666
2.65681
0.238243
2.28576
2.27263
0.146863
3.16949
0.39617
3.81704
0.828305
0.434074
0.426386
2.3993
3.2922
0.881977
3.03919
0.196328
1.62116
2.63727
0.543093
4.23221
0.377001
0.170245
4.44017
1.55045
2.6857
3.36079
1.90125
0.500002
0.0990108
3.20592
1.21284
0.861566
2.38804
2.61571
1.97235
2.13597
1.6028
0.710495
6.55619
2.39532
0.545718
0.788754
0.667871
3.34902
0.449289
0.845324
1.66344
2.02175
0.485417
1.08739
1.34904
0.200083
1.22056
1.12951
4.58725
0.594388
2.50143
0.349421
0.538637
0.287279
5.09186
0.683573
1.96379
7.13687
1.08842
5.96761
0.732296
0.369048
2.2143
0.175915
0.713064
3.8036
0.55652
0.124389
0.0605061
2.96561
0.233517
3.38781
1.7527
0.575631
0.881667
1.75558
4.14295
0.92185
1.79298
0.912359
1.90747
1.39954
1.30363
0.258623
5.50087
2.94283
0.454805
0.803046
1.90487
2.60685
1.05323
4.27075
4.59918
0.951882
2.4579
0.229027
0.174386
7.4594
0.116742
5.6402
1.55088
4.46425
0.905113
1.09844
0.61305
1.05493
1.75174
0.604103
1.51772
2.30656
0.446037
2.31037
0.640135
4.90682
0.166546
1.66114
2.91515
0.224546
0.725099
0.529234
4.56949
0.786974
0.514952
0.0958611
1.4809
5.7224
0.337074
2.5951
0.247275
1.3903
4.85403
0.0810191
1.58549
3.948
7.34601
1.94996
2.129
0.931386
2.31991
0.611964
1.12986
0.0580339
2.03112
1.06172
0.640135
0.798568
0.645652
1.06376
1.77249
2.35272
2.5995
1.14611
0.20318
1.22572
0.872674
0.0537149
1.69027
0.260901
3.09763
0.404477
2.19503
0.0330719
2.84177
0.126093
2.41596
0.438552
2.25217
0.966745
3.58792
0.711351
10.9453
1.91787
0.765451
0.333054
18.4207
2.94719
0.646204
0.836189
1.528
1.89556
0.81143
0.160902
4.19603
0.642064
0.94353
1.6028
0.652846
0.732585
1.55349
4.86084
2.26392
1.43201
2.10766
1.29673
3.48023
1.6338
1.53617
0.111237
0.475246
0.377001
3.84283
1.31517
3.83737
1.51687
2.47782
3.13371
0.584184
2.65228
5.04397
0.69147
1.68237
2.7782
1.32601
3.88982
3.55808
0.689493
0.647586
0.895702
0.487713
1.60191
1.36639
0.735472
3.18516
1.43324
0.302344
1.31749
0.29816
0.492824
2.0634
2.96473
0.338258
0.787567
0.908576
0.816839
0.224546
0.143422
0.834367
1.45175
2.20524
3.30365
1.02232
0.473724
2.95594
0.2297
0.113141
2.47093
3.43405
4.83824
3.54509
3.91233
1.57667
0.0841456
5.69808
0.0261705
2.07353
1.10156
0.256803
3.01738
0.65562
0.965448
0.592773
0.490523
1.56658
6.68209
1.87401
0.879803
1.63515
1.20296
1.16751
2.73691
1.65473
0.558899
5.60362
0.939687
3.58672
0.584184
0.0514563
0.7634
1.1895
7.78444
0.159602
0.0731205
0.317523
0.441792
0.0326653
0.350851
4.51331
1.33574
0.252034
0.267063
2.0037
5.15931
0.643443
0.713636
1.34003
2.76859
0.576698
1.75751
0.0424473
2.15468
3.00566
2.87097
0.226113
1.84713
1.60816
1.76813
0.616042
1.36837
3.6777
0.729414
2.47644
2.11341
0.129504
3.46547
1.1362
2.95594
0.0559761
0.821961
3.54863
1.34473
2.52179
1.26222
1.09463
1.72029
1.46419
3.26746
2.45312
0.972591
5.77196
1.59479
2.71969
2.56531
1.19931
1.42425
4.01238
4.0575
1.25697
2.24233
3.13947
0.115894
3.02553
0.614138
0.158519
0.494616
0.403253
4.82927
1.91944
2.12148
0.745609
1.1408
1.85825
0.490778
0.307701
0.991874
0.158086
0.523509
0.514694
1.63153
0.272785
5.04148
0.263865
0.140201
1.15785
1.48888
0.401541
2.30466
1.00936
1.69306
2.82035
6.60996
1.61891
0.517023
2.66892
2.70882
1.41937
1.6456
2.40928
3.65146
0.370732
0.349421
0.622857
0.257258
1.03973
4.69935
2.4579
5.80084
1.38549
0.095022
2.63055
2.97002
1.11374
0.9648
4.01238
0.80215
0.551507
0.0960709
2.18069
1.55306
3.70429
1.34434
0.806335
4.51331
3.33731
3.58312
1.80182
2.7806
2.48197
0.16785
3.93508
3.63047
0.138915
1.83058
0.267749
3.41852
0.24886
2.26703
1.6616
2.27138
2.25402
1.52671
0.0760269
1.26373
1.72929
0.908891
0.249087
0.52273
0.0223241
2.49376
0.425397
0.794696
0.734028
0.517541
1.522
0.209388
1.3899
4.21568
4.94438
0.0621559
3.45082
1.61757
3.36187
2.16824
1.54871
0.826793
0.0385695
1.10434
1.51132
5.6335
2.42199
0.258623
2.5973
2.11053
1.42181
1.15144
1.46544
0.357297
0.27141
0.673465
2.1795
0.17395
4.0866
1.96219
0.654787
1.5109
0.136772
1.13056
1.59479
1.91058
0.581774
1.56965
1.82759
1.68329
0.325509
0.940007
2.91945
1.71039
0.331401
1.95261
0.532363
1.0077
4.55383
0.824073
1.17254
4.73959
1.1575
0.55098
3.11939
0.91615
0.572699
1.3847
1.64242
1.96914
2.87433
0.966745
2.01353
0.555992
1.32757
1.77686
2.61867
4.85857
3.09857
1.1783
0.586059
3.0873
0.742127
1.39793
0.648139
1.69867
0.757257
11.0429
0.676548
3.22088
5.75057
0.554144
4.62123
3.68906
3.87311
1.07811
1.93517
5.5548
0.906686
4.64558
1.18371
1.29941
7.87468
0.842579
6.65404
1.31633
3.96972
0.747642
0.895702
0.994832
0.695997
0.895702
0.690057
0.312606
1.83759
1.09256
0.363284
0.14063
2.01353
1.6968
1.12986
3.53218
0.914254
6.29777
1.1924
1.94943
1.57272
1.22129
1.3463
0.19082
1.21577
8.17275
2.60464
1.37075
0.608436
1.94784
7.06717
0.185986
1.013
6.58289
1.48006
3.4064
1.64651
1.49057
1.80724
0.222534
6.11948
1.14151
1.21761
0.124176
0.363044
0.383532
4.08969
4.10833
0.5719
0.566583
3.48937
2.52745
1.26072
0.574831
0.175259
1.68329
2.16883
1.13479
1.29635
4.97302
3.4108
0.637933
1.23237
4.95864
0.201188
0.880113
0.699115
1.00936
2.82856
0.925659
0.668709
0.149447
4.37673
0.87763
0.161769
0.426139
0.893199
6.954
0.701386
5.20468
0.697697
1.03067
0.13228
5.01676
0.272556
4.06664
2.60906
1.08223
1.25734
2.26517
0.342051
1.18154
0.0619496
0.704228
6.83465
2.10079
3.0219
1.62341
1.01433
3.74031
2.41663
1.15999
0.655342
1.13162
3.34476
5.5229
0.0412219
0.881356
0.00620963
0.543355
0.973242
0.142777
2.52886
1.20734
7.57078
1.53316
1.49352
0.461596
0.645375
4.63946
0.722514
0.26935
0.220523
2.77419
1.735
2.71814
3.76775
1.56396
2.01353
1.6456
3.68148
0.457317
1.28491
2.94283
3.4587
0.839534
1.78857
0.675706
1.57184
2.41462
2.68417
0.123964
4.92551
0.367605
2.39731
7.8953
0.357297
3.29532
0.692884
0.150741
1.20077
2.07805
0.724811
2.26579
1.01699
5.04896
0.463864
1.30901
10.6783
2.03001
1.54828
0.156356
0.144496
4.15569
0.440296
9.81255
5.06148
0.312138
0.923436
0.254076
2.40395
3.73383
0.684981
2.42805
1.41409
0.56393
0.182915
3.38455
0.12929
0.247728
2.76062
7.33815
0.881667
1.39793
0.711351
1.59968
0.438801
1.40075
5.4151
1.85825
1.20881
2.43682
2.63503
1.75078
0.429359
4.02132
2.55094
2.04831
0.504372
5.71194
0.0102261
1.19786
1.08739
0.211166
3.39982
3.25215
1.15144
0.822262
0.0302273
0.277145
1.63289
0.339917
0.69147
4.23886
0.0265758
0.165242
0.222981
0.0756114
0.168938
1.84411
3.69032
7.09476
0.0263731
0.0383656
2.224
2.14647
1.74168
0.166546
0.914254
0.224994
0.348707
1.45879
0.861566
8.8291
1.52028
1.98311
0.275308
0.574031
0.196549
1.21321
0.240046
3.67017
1.84512
1.77784
1.44021
0.619855
0.249313
5.23733
1.14221
0.477784
0.352758
0.928202
1.06036
7.50151
2.50983
8.12569
3.79424
0.186864
4.002
1.40599
1.24128
1.61801
0.275538
0.662293
0.841056
0.592235
2.89719
2.49098
4.39645
1.93833
1.19968
3.75725
4.23221
1.88681
1.3233
3.64279
1.04546
2.55452
2.80485
0.188182
11.9045
1.60905
0.25158
0.700818
4.12714
0.975846
2.51968
1.29444
1.47462
1.49141
0.00841769
1.24426
0.438552
0.265463
0.202294
0.822262
1.4316
0.101745
1.16823
1.16608
1.21027
0.980086
5.03156
0.839838
1.46128
0.262497
0.0494052
0.43482
0.730278
1.99013
1.87554
1.1625
0.232843
0.884154
0.745609
0.2297
2.11513
4.47922
0.50669
0.974218
2.38475
0.628874
2.40928
0.204508
0.497436
0.514952
0.152467
3.00027
2.29708
1.13303
1.08188
0.0424473
1.29826
1.99067
2.0234
1.88938
1.56527
5.08422
5.74703
9.15122
0.222981
1.74886
3.83465
1.22719
3.36402
0.144496
5.98747
2.56099
0.672904
1.87861
1.40559
0.677951
5.76124
2.15116
1.23163
4.05598
1.57888
1.67404
2.31418
4.18141
6.20219
4.17656
4.13187
0.201188
0.81053
2.30593
1.24575
1.73167
2.51475
0.555199
0.38329
1.68608
4.88369
1.81863
1.10225
3.76381
1.18407
0.535759
0.124176
1.96326
1.09256
3.11464
2.34108
0.802448
1.91579
1.07331
1.17002
1.08326
1.16643
0.0231333
0.0749884
1.88989
2.55165
0.251807
0.0908317
4.72892
2.38541
2.55596
1.14966
0.451293
1.44515
2.13365
0.370732
1.77541
0.251807
3.44521
1.76571
0.52741
1.37234
0.983681
1.99609
0.86557
0.64234
1.70616
3.56401
4.71408
1.4969
7.1087
2.64251
1.24836
2.04608
2.10136
0.252261
0.128224
1.73977
1.09256
10.9935
0.361605
10.8983
0.202958
3.54156
1.26185
1.98526
0.569506
1.75944
2.75507
0.632986
2.01736
0.0365316
4.93021
0.588742
0.0629813
1.47336
3.51008
1.46794
3.22188
0.761057
0.170245
0.66508
0.729702
1.15322
1.21504
6.30711
1.24314
3.4848
4.47359
1.12424
1.79347
0.405457
0.709069
1.1026
1.86332
2.55094
1.02967
1.98959
0.252487
0.865262
1.36917
6.20219
0.46942
1.60905
0.232169
3.29117
0.40252
4.26231
5.14879
1.04985
2.23681
0.188402
1.07092
3.88005
1.96326
0.684699
0.115046
0.814734
1.02098
0.0275894
1.89763
0.446537
5.8977
1.92519
0.55388
0.806036
1.46586
1.87758
0.548611
2.21248
2.67501
2.84177
0.649245
0.0500203
2.57688
0.326921
5.90152
2.08768
0.655065
1.05459
2.7662
1.97772
2.09679
0.874221
0.0487903
0.271869
6.62637
0.906057
0.474231
0.532363
0.893512
2.41128
1.30516
1.55523
2.32374
6.78646
1.3373
2.38541
3.55808
0.401053
3.63785
3.86342
1.00869
0.767212
3.29636
0.345852
0.0687689
5.94403
0.267063
4.32217
1.16859
2.96561
0.540732
1.33418
3.86204
1.71557
1.18335
0.285202
0.331401
4.264
0.0286036
1.36046
0.828608
4.57146
2.6313
2.37686
5.9795
2.90572
1.49267
1.02032
1.73357
0.874531
1.232
1.36719
4.74816
1.12248
4.37673
7.4019
0.0990108
3.27054
1.11653
1.50495
1.85622
4.86767
0.413802
1.29903
0.940647
1.00936
3.7158
2.65153
1.59879
1.27467
0.845629
0.329749
2.98954
3.10801
1.57184
7.65169
2.89039
1.37831
0.575898
1.04074
0.229924
1.36758
0.96221
11.5527
1.18479
0.259079
0.802448
1.02933
3.58312
4.5095
2.46955
0.825886
2.08201
3.31516
2.70031
0.165894
3.90104
0.7849
0.440296
0.347041
0.920899
1.14824
1.34747
0.89758
2.03112
0.383532
0.187083
2.46886
0.0514563
0.614138
0.401786
4.32217
1.06921
0.512367
2.20103
2.76142
1.7184
2.3263
4.62527
2.70882
0.447037
2.32374
1.76281
2.90658
0.0724983
0.989576
1.04917
5.63016
5.66044
0.84197
3.08076
2.13655
1.17577
0.872983
1.02065
0.518837
4.45496
5.1305
1.63561
4.36783
3.7158
0.60221
1.08051
0.755797
0.942889
0.181382
14.0262
0.326686
0.444288
0.39203
1.52028
3.05756
1.32757
1.69353
3.28289
1.25472
6.82857
1.83008
0.0241452
1.19895
0.851744
0.0318523
2.37227
1.29291
2.2411
1.80083
1.26938
0.546507
0.864337
1.4969
4.49999
2.15586
0.752007
2.24724
1.43611
2.28638
1.50367
0.285433
0.869582
0.972266
6.44778
3.04377
0.412081
0.540732
0.0308365
2.77179
0.711351
6.50901
1.06751
0.0891581
0.813232
5.84496
0.0600938
0.692318
0.808731
8.8457
0.760765
1.39471
0.225442
1.45589
0.450792
0.934894
0.343951
1.34747
2.7662
0.665638
1.31556
0.434323
2.54308
0.282666
2.26765
4.57934
0.202516
0.9648
4.28945
0.277375
0.679917
0.513142
0.103218
8.14908
1.05391
0.996477
2.39069
2.04942
3.08262
9.23044
0.0528933
3.09951
0.790238
3.25317
0.626684
2.69184
2.43885
0.561016
0.0722909
13.6249
5.57419
1.50622
0.39203
0.126519
5.95972
0.118227
3.75202
1.18733
0.129931
4.69516
5.37062
0.575364
3.27773
4.28263
8.1141
1.68748
5.17255
4.56556
0.423418
1.05154
0.0698041
3.0219
2.32694
0.216507
0.407908
0.160686
1.75078
1.61622
0.340865
1.67311
1.24054
0.126732
3.28496
1.04007
3.0456
0.684699
2.0234
1.2235
1.15964
0.625863
0.533146
6.64292
2.64176
7.34601
3.82921
1.519
2.66058
0.142348
2.96209
1.43079
0.29584
0.920265
0.271181
5.69808
0.334708
0.651183
2.27637
4.24053
4.73959
7.70751
0.353952
6.25624
2.78221
0.899147
0.448538
0.761935
2.03942
0.036939
0.48899
0.323627
6.11096
2.08654
1.30516
4.58527
0.317288
0.109969
0.0363279
0.87639
1.62611
0.709354
0.00982409
2.96826
0.401541
1.232
1.1106
0.983027
1.05222
9.89532
3.68148
3.66766
0.0747808
2.49306
1.48383
2.19923
1.55523
0.315882
0.364243
1.1625
0.464873
2.90658
0.311203
0.417003
1.42262
1.20041
0.40203
1.87299
0.918048
4.06817
3.55808
2.35272
2.72359
0.451795
3.58913
2.19083
0.210721
0.676828
1.04748
0.457317
1.9574
0.752298
1.3299
0.584184
2.57616
0.778691
0.204287
2.54879
1.87401
1.63153
0.200525
2.48127
1.12108
8.39941
4.9138
0.475246
2.07861
0.0259679
0.504887
0.278754
2.24356
7.93719
1.86433
5.05646
1.55741
4.0109
3.05572
0.922801
3.021
0.828003
0.123751
7.32253
0.751424
2.73769
1.7331
4.27923
4.6354
1.20625
1.51473
2.6712
0.233742
2.21551
2.15175
0.519356
1.24091
0.533407
1.23015
0.390327
5.49774
2.67806
2.20223
0.470432
11.7563
0.674025
0.153114
5.6335
0.973893
2.1418
2.70263
2.35791
0.984989
2.71425
1.28491
0.0485854
7.05352
5.13832
1.42548
3.25724
0.888516
0.965124
4.33261
0.614409
1.47754
1.54915
2.94894
3.3813
0.0477659
0.0866502
1.65977
0.961563
1.60682
0.688928
0.517801
1.40923
3.15976
1.90176
1.56352
1.18479
4.27414
0.093764
1.06138
3.75202
2.85173
0.732585
1.49267
8.03477
0.197211
0.797972
1.4468
1.11793
0.189501
0.942249
3.36187
0.883221
0.524029
1.24687
1.30824
0.624223
2.60097
3.16073
4.14612
0.961563
2.15057
8.68561
7.04673
2.32055
0.260673
0.614681
0.181163
0.648969
0.669827
2.1319
3.26234
2.89634
0.0330719
0.61305
2.51475
5.7224
2.09337
0.0902039
1.71416
1.43365
0.815335
0.280134
5.87493
1.55915
0.297232
5.08931
0.709639
11.1988
1.78613
4.65786
3.56758
0.198315
1.37552
0.175915
4.77629
2.23437
1.81021
0.0981704
1.68376
2.75427
2.77739
1.28225
2.38937
0.286125
0.507206
2.62386
3.89964
0.109546
3.10139
4.81145
7.27637
2.29204
3.52985
0.118651
0.636283
0.384744
0.617675
6.93467
2.20645
4.95864
2.90145
1.32175
2.97179
0.389598
1.94097
0.0669068
9.05642
0.39861
0.220746
1.05425
1.91162
1.29673
0.0912504
0.0192928
2.27325
3.98286
3.3694
1.75558
0.772502
2.27512
0.649799
0.861566
1.33691
3.59395
1.06512
4.59719
3.66892
0.246823
0.68301
2.1418
5.22912
1.39511
0.466893
2.08825
0.0971204
0.0353099
2.83516
4.20256
1.17649
0.0814357
2.29078
5.58722
2.12437
2.78865
1.21651
3.54509
4.63337
5.01922
1.02599
2.94545
10.1029
2.34753
1.39351
0.365924
0.506948
4.34136
0.722227
2.12784
1.29903
1.44309
1.41733
1.96113
0.564461
1.41855
0.0160643
1.16178
1.5877
0.499232
4.58527
2.82528
1.269
0.347279
2.72828
0.412819
0.608165
0.0310396
2.36703
3.78758
0.0954415
0.65146
4.36073
0.852969
1.84411
2.96826
0.10638
0.511592
0.963181
2.59291
2.91945
5.00451
2.83103
1.23831
0.620401
2.9709
0.131852
0.600589
0.93298
0.207834
0.185327
2.82117
3.4666
1.85622
0.340391
7.05352
1.70992
0.971941
5.43015
0.643995
0.184011
2.61867
4.69099
0.672345
1.14363
0.367365
2.1025
2.12495
3.32357
1.00737
6.24259
0.0636006
0.2125
0.643443
0.177881
0.813232
0.50566
2.15703
2.62906
2.224
0.6286
1.36877
3.50662
0.161553
0.705366
2.46269
2.62015
0.886957
0.990233
1.42588
2.88277
0.14837
4.18303
5.40016
4.48298
1.95686
0.80454
5.33286
0.968692
0.0243476
3.92367
1.3807
3.24403
1.02632
0.0985906
1.92729
3.69539
0.319633
1.29979
3.61944
2.00261
0.0397933
1.42956
0.0584457
2.32119
0.430847
0.412327
1.21394
0.427377
5.96366
0.0596817
4.57539
1.22387
0.200304
4.31178
2.75348
0.505917
0.789644
6.12374
1.59391
0.016871
5.30997
4.4531
0.663965
0.940967
4.6785
0.548611
0.296072
3.14814
0.0046053
0.420701
1.07263
2.59218
1.03704
1.15785
0.273244
1.47713
1.48258
4.25894
1.20296
4.73531
2.36899
0.729702
4.6152
4.70145
1.56003
2.03112
0.208278
3.50085
1.8421
4.14771
3.34795
4.28775
0.908261
0.686108
0.133776
1.70007
0.592773
0.750842
1.42303
0.237792
1.84865
6.28383
3.42738
5.44227
0.308635
2.73455
5.1331
2.44224
0.51185
3.74811
0.788457
1.11234
0.180068
1.62251
4.35014
2.62683
1.25247
0.329985
3.31621
1.70851
3.53804
1.96326
1.34395
1.48636
0.153114
1.98959
6.08985
0.539422
0.842579
1.1408
1.79936
2.32055
0.121837
2.5951
0.375553
1.9558
1.59213
1.02032
0.487968
0.429855
1.79151
2.82117
1.11968
3.15104
6.81644
0.595734
0.96707
2.60097
0.637933
2.38014
1.92415
0.455307
0.115682
2.2149
1.69913
1.2224
1.61667
1.8623
0.547558
0.964476
1.17433
1.02132
2.20343
1.87401
1.90384
0.274849
0.468915
1.60503
0.862181
1.81863
1.29482
0.384986
0.94353
0.526369
0.541781
0.346803
0.185766
0.204287
0.637383
0.278524
3.95377
0.882599
0.70622
1.00605
3.27567
0.929793
1.99283
2.5388
1.56134
2.90572
0.0727057
1.58328
1.38549
1.00605
0.0700112
0.122475
0.60194
2.48058
4.97302
1.44268
0.223204
3.28806
0.165459
1.63334
0.617131
4.49999
2.14063
1.46627
5.1966
1.25997
4.10054
1.27505
1.73072
1.014
0.707359
5.76124
1.7793
2.05668
0.500002
1.49986
3.03098
2.18069
0.301181
3.56401
4.79379
6.79242
0.19677
0.198536
3.14814
1.28529
0.632437
1.21394
6.15388
0.795887
1.87503
0.782237
1.03637
1.1895
0.60925
2.6712
2.46063
0.427872
1.47378
2.66437
1.3839
0.322451
0.67767
8.14908
0.285894
2.53738
2.0267
1.40923
1.84764
1.6338
0.803942
4.25558
2.62015
6.27459
1.28263
0.624769
0.297232
3.30782
5.35893
1.44515
3.89542
0.628874
0.559957
3.8036
6.70481
1.79298
0.303274
0.394221
9.42106
0.0847714
8.45347
0.419221
1.24986
0.484908
0.945134
3.20592
0.0144521
1.40276
1.66068
1.61532
1.41449
0.0756114
0.710209
1.54915
1.22203
1.05493
0.0498153
3.81434
0.0412219
5.22094
8.00171
0.195446
0.960593
0.621219
1.3823
2.16292
3.00476
2.055
0.54388
0.585791
0.905428
1.5824
2.79512
0.1781
0.953493
4.16369
5.38534
2.05054
4.97783
1.50664
0.509526
0.305137
0.0138478
0.183354
0.118651
0.945134
1.37234
0.501286
5.76838
4.36428
6.66521
0.914886
0.843494
5.51343
5.02661
4.36073
2.46543
1.33145
1.29864
1.97075
4.98024
2.94632
0.193022
0.950917
0.217622
4.76109
0.116106
0.997794
0.611149
1.05832
1.65793
0.694581
1.22129
1.81367
2.42535
1.57404
0.620401
4.20256
0.105958
4.36783
0.633535
1.37274
0.43482
8.22095
0.69628
4.10677
1.07948
0.0912504
0.455307
1.04209
4.73531
7.10172
5.98747
1.2283
8.16088
0.0820607
0.50463
2.87855
1.78564
4.56556
0.429111
0.8907
6.7394
2.06621
1.64606
0.0442867
5.59049
0.445537
1.68841
1.38509
2.68494
2.10136
3.32357
0.559428
0.874531
0.64234
0.0590636
0.485927
0.228578
4.24386
2.6017
2.69415
5.26496
4.82257
4.54217
0.0530987
4.85403
0.560486
2.04053
1.06853
3.59153
0.975521
6.01157
0.226785
2.3091
1.21247
3.85104
1.76185
0.844104
1.64925
2.1494
0.121837
0.692318
4.65581
0.123325
5.37062
5.18053
3.88563
2.25959
0.803046
0.159386
1.60548
0.514176
0.375794
4.63337
10.2656
0.0864414
3.24707
3.53687
0.492568
0.908891
2.12495
0.201188
1.36204
1.3117
0.703375
2.8651
0.791129
1.029
1.79543
0.214948
1.36007
0.756089
0.371696
1.3459
1.03168
0.559957
3.82244
0.0941832
5.40613
2.92117
1.1895
1.45672
1.5609
2.8509
2.03886
0.417988
1.68422
1.42833
2.15116
0.236441
1.65931
6.36895
2.36834
0.211832
4.9138
1.84462
0.288896
0.101534
2.22765
5.12271
0.929475
1.41409
1.56571
2.92721
2.35077
0.0304303
1.45631
6.75692
1.60369
0.55837
2.67044
1.07297
4.1944
1.55741
6.08146
1.3883
3.52168
0.578033
0.639034
1.05459
2.70959
0.0708399
0.991217
3.25724
3.43851
2.9709
2.39466
0.915834
3.05756
0.70025
1.77201
2.04386
1.24948
0.427624
0.755214
0.635458
0.368327
1.46461
3.49166
1.70147
3.73642
0.0977503
0.494872
2.22826
5.24283
6.59909
2.13714
2.36769
0.203401
1.43898
2.11168
0.241851
2.71892
1.47462
5.14616
0.590085
2.87855
0.0298212
0.750551
7.37776
3.29532
0.2297
3.77302
1.4501
1.69773
2.15762
2.00315
1.7412
3.55335
0.280824
1.81318
3.75072
1.11968
0.282897
1.01999
2.72359
4.46239
3.42627
3.197
2.21551
0.179849
0.0351063
3.36079
5.29579
0.825282
1.1106
2.15644
2.85423
0.701386
2.62906
1.52414
0.186425
1.4809
0.874221
1.44886
1.35573
0.934894
1.11933
0.869273
0.363284
0.0677341
0.699682
0.29584
0.371214
0.461847
2.89634
0.589279
0.401053
5.77555
1.54395
0.440795
0.671225
1.09325
0.406437
0.935852
0.0383656
0.750842
1.26335
4.20256
0.975195
2.86175
7.52721
0.553352
1.52499
0.99549
0.886022
2.27762
1.09602
2.32566
2.23192
2.56531
1.35731
1.21798
2.67882
0.38329
2.57326
1.4788
4.8248
1.26034
1.27353
0.43482
0.419961
0.749096
1.28415
0.515211
1.29062
0.472964
1.18733
0.470685
1.06138
0.292597
1.79249
2.97179
0.0054073
1.14009
3.3405
0.28982
6.2654
2.19323
0.314946
4.5952
0.104482
2.96649
1.34082
1.23126
1.55872
2.48681
2.03665
1.00439
4.77629
2.81954
0.131212
1.44227
2.79512
1.47838
7.00646
2.65002
0.661736
1.87095
2.12437
0.319164
4.17172
1.90332
2.78865
6.68774
2.84841
1.05527
0.62641
0.085815
3.07703
0.488224
2.98954
2.24786
3.09669
5.95186
0.835278
1.92519
0.878251
1.54525
0.974869
2.64401
1.09429
2.28513
3.11274
1.01267
0.186864
1.80428
0.381353
2.87181
4.29458
2.91
1.65885
2.05612
0.653123
2.56675
6.13231
2.0679
2.2633
1.77638
0.112929
4.18789
1.68794
0.256349
0.349183
7.68873
3.13084
0.768973
0.346327
1.14221
1.39391
1.97289
1.44928
1.81615
0.597082
6.08565
2.11341
1.70147
0.014855
3.48365
2.82035
0.107013
2.88277
2.21369
2.30213
4.26906
2.1801
2.31609
0.558899
1.85167
1.16715
0.954782
0.787864
0.115046
1.26072
1.86382
0.747933
2.7646
3.75202
2.54379
2.48197
5.8787
3.4097
3.26644
0.972266
3.71196
0.303507
0.300019
4.92786
0.213389
0.241174
1.95527
4.01983
1.35967
1.21614
3.64279
4.02581
6.16694
1.80626
1.20991
6.22453
1.25547
0.977476
0.756673
0.106802
1.24799
2.74321
8.1141
4.54217
2.21309
0.878251
1.2506
0.741838
1.46502
0.165025
1.94519
5.32424
0.0739505
7.71696
0.485162
0.788754
3.13563
0.113776
3.44297
0.552825
1.70663
0.295377
0.21517
3.31726
0.745899
0.209388
2.12553
1.10052
0.187742
1.82908
2.27014
0.145141
2.67882
0.239821
1.00638
3.23797
0.378209
2.70263
1.015
1.9686
1.32213
1.32097
0.629421
1.78466
4.03782
1.49732
0.200967
3.70302
0.936171
8.22095
1.37592
0.152035
2.79835
4.6354
1.07914
1.78076
0.570038
1.65564
3.04377
2.28889
1.69586
0.124815
0.722514
0.436312
2.24786
1.78076
0.478546
3.67644
0.412327
4.69099
0.99549
0.309102
2.28638
4.83824
3.09011
0.709069
2.15938
0.572167
0.779873
0.0304303
1.16214
4.6785
3.47227
0.144281
2.52886
10.6783
9.11276
0.758425
0.0498153
1.57711
0.285433
0.730855
0.795589
1.85218
3.38347
0.361845
0.0687689
1.04917
0.45355
0.0758191
2.779
0.101745
2.05556
0.347041
1.84512
1.77298
1.14221
4.5114
3.29636
1.43488
1.96219
1.44474
1.80034
0.622038
1.27542
1.35849
0.844409
1.7662
0.342289
1.07468
7.29164
2.21248
3.88563
3.97555
7.08783
0.772796
0.148801
2.35401
6.62637
3.70684
1.17002
1.2952
3.61578
0.290745
9.583
1.09429
0.626137
1.43816
0.624769
2.47162
3.23091
3.75725
1.44063
1.09983
1.16393
2.40462
3.85104
0.792912
1.07914
0.529494
0.573498
0.0810191
3.8036
2.06734
5.3531
2.22705
5.68431
0.397878
0.674585
0.19016
0.127797
6.28383
0.547032
1.28719
0.489756
0.243657
1.74934
0.643719
6.45281
0.00300225
1.8623
3.98726
6.91554
3.42294
0.152682
1.59346
0.650629
1.34944
0.866187
4.86767
0.213389
0.869891
0.24954
0.532102
0.605185
0.656175
0.169156
0.402764
1.40115
0.851438
2.34301
1.01832
0.817742
1.29405
3.4119
3.20691
3.18221
1.05222
1.46919
0.670945
0.405947
3.91516
0.617403
2.22279
3.82379
0.878871
1.0431
0.761935
4.46612
1.21614
0.0969104
1.27959
3.07703
0.0259679
0.145356
1.20442
0.0708399
0.150309
1.65702
3.20492
0.0438778
0.693166
2.7782
0.0166693
0.38329
0.639034
4.89754
2.10823
1.1113
0.203401
0.234416
0.0582398
9.07502
2.17475
0.778101
2.23253
0.992859
1.63606
2.31037
1.1099
5.09186
0.778101
0.0948122
0.675706
0.737495
2.77339
0.595195
3.01286
0.773974
7.55324
2.4267
0.341577
1.27618
0.429359
0.376518
7.78444
7.4019
0.389112
0.195226
1.1783
1.67773
0.913306
0.236892
1.01168
1.20406
0.0853975
1.8411
0.0714616
2.75665
0.815034
0.10385
2.00751
1.3299
2.10594
2.16351
1.56921
3.02826
0.813232
0.176133
1.55219
0.157437
2.6712
8.02369
3.46547
4.14295
0.150525
0.137414
0.440047
0.147293
3.98286
0.589011
8.17275
0.100903
4.15569
12.3316
2.64476
3.85929
1.66436
1.92991
4.64354
3.9095
4.7162
0.0223241
0.632712
1.04546
1.45134
2.54951
2.17001
0.0545369
7.72647
0.19082
0.081644
1.43406
0.116954
0.78905
0.549137
2.45653
2.30973
2.01572
1.84915
2.24049
2.15057
4.76542
0.741548
2.74478
1.7184
0.853275
0.165894
1.43529
0.130784
0.433578
0.958977
2.53383
0.177444
0.024955
4.15569
1.6819
0.970316
0.847156
3.25012
0.153546
1.61532
0.59816
2.89124
0.854808
0.934256
2.76939
3.83057
0.449289
1.26938
0.992531
2.40595
1.69353
0.52741
1.39592
13.1426
1.19495
1.98688
0.585791
3.44521
9.05642
0.277835
8.93082
0.364243
1.17902
2.87265
1.3915
1.9378
0.430351
2.2149
1.38709
9.05642
6.61541
2.13423
4.37316
1.63244
0.855728
1.86942
0.442042
0.246144
2.10996
5.1253
0.269808
0.643995
5.56447
0.858184
0.547032
2.81544
0.404232
2.50283
0.0104271
0.335891
1.0034
0.301878
0.122475
4.79599
1.09291
0.357297
1.41368
1.17074
1.82062
1.08326
2.05333
0.803046
1.5041
7.06034
2.89549
0.901971
2.25094
0.839838
0.477784
0.19677
2.45312
1.39793
9.1319
3.96536
0.241625
0.824073
2.64176
2.03665
9.44341
3.96245
0.632437
0.0485854
2.12321
0.142777
0.116742
1.50749
9.60724
3.55808
3.71965
2.24724
0.524029
0.261357
6.18449
1.81962
0.592773
1.82062
1.2465
4.71408
2.94894
1.37354
5.66723
0.983681
0.529494
5.09186
0.820453
0.335418
3.14043
1.02165
1.6968
5.48839
0.0300242
2.51334
0.409871
3.97263
0.642616
1.77395
1.43201
0.684699
4.85857
2.08654
1.01599
4.50188
0.764279
0.642891
1.07024
6.15388
0.596812
1.31209
3.48594
4.31524
1.00737
7.44281
1.91162
0.216284
1.45051
6.19332
0.690057
1.29482
2.03333
4.03481
1.22867
1.16966
0.171769
1.7479
0.652846
1.31595
1.31904
0.0781055
0.626137
2.83929
1.21137
2.88615
1.05527
11.31
2.11974
6.19332
0.200967
2.42267
0.208722
5.01922
0.194785
0.976824
4.43649
1.63561
1.32446
0.335181
4.73959
3.54156
1.54828
0.126945
1.71274
1.73595
6.17131
11.368
0.777216
1.56352
0.994503
0.25158
3.76643
1.00241
0.45581
3.08449
2.33143
0.46664
0.39349
2.19143
0.70565
0.198094
2.96033
1.25922
0.339917
0.235766
0.236441
5.33286
16.2235
2.59218
2.61793
4.70145
1.27127
1.65839
1.01201
5.06148
0.950274
2.58852
1.13726
0.342763
0.65451
0.844104
0.384259
7.80415
1.23089
0.163505
0.291439
0.54677
1.25659
1.0867
2.97976
4.98991
0.0426516
3.8265
1.60146
7.56199
0.480579
0.207169
1.28491
4.47734
0.0152581
0.901343
3.72351
0.132921
0.995819
4.11928
3.39545
0.594118
0.458826
2.14882
0.0453094
0.116318
1.28795
0.163505
5.89388
0.0920879
2.2411
1.7871
1.04445
0.799761
0.450291
0.0724983
2.37948
2.19024
1.73643
0.535236
1.31517
1.1408
1.40115
0.0883218
0.531319
8.09111
12.0646
6.18449
1.41368
2.51756
3.67519
1.0357
0.727975
4.68057
0.277375
1.80231
2.6246
1.50367
1.85825
0.0255627
6.65961
0.195667
1.25697
3.37696
7.9478
0.348707
5.29862
1.79298
1.66298
0.660901
1.62702
2.72985
0.771031
2.39333
1.01035
1.31055
1.01433
0.105115
5.26496
6.04005
2.30846
0.912359
1.64742
0.277145
0.353952
0.31518
1.60995
1.54308
1.7969
0.191701
2.2845
0.535759
6.94109
0.0760269
1.02232
0.538899
10.1664
3.18418
0.290977
2.7798
3.04102
0.521172
9.83976
2.71114
0.294449
0.745028
0.932342
0.966097
2.15938
1.23274
3.50431
0.0801862
0.405702
0.692035
0.652569
5.9795
0.499232
0.604644
1.80675
5.02661
0.549137
0.887892
2.80892
0.247954
0.64234
0.96124
0.726824
1.34865
0.207834
9.29198
3.94944
3.25928
1.58992
0.0225264
0.853582
1.91058
18.4207
0.400564
1.83709
0.0927162
1.22572
1.16787
1.9085
3.89542
0.468662
1.13021
1.4617
6.9092
1.54655
3.21488
4.19766
1.46669
0.466893
3.46095
3.72995
6.12802
1.26674
0.531841
1.93833
2.54593
0.378692
0.0785214
1.4064
0.247954
1.66068
3.54156
0.378692
1.46961
0.370973
2.29078
2.51404
0.696847
0.629148
1.37751
0.912359
1.0607
0.551244
0.54493
0.527671
0.884466
2.9437
0.525329
0.357775
4.66609
3.01919
2.73612
5.03156
1.12038
1.7118
3.59274
2.29582
0.486693
3.77566
0.842579
3.12511
1.32601
0.18445
0.614681
3.74031
0.140416
0.122475
6.65961
3.18418
1.6086
0.326921
0.338732
2.20343
2.06284
1.30209
0.803644
8.9135
1.39954
6.04826
0.016266
0.198757
0.464116
3.12606
0.135273
0.415033
0.517541
1.92886
0.0142506
1.71888
0.00600902
3.25012
3.04744
0.524809
2.72125
6.44276
5.61022
0.167633
2.55667
0.0355134
1.72645
0.147508
2.38541
0.750551
1.75558
1.6529
1.09429
4.98507
0.221863
6.28846
11.6183
1.05934
9.48886
0.937769
4.96342
3.4053
6.98663
1.73405
4.21404
0.93649
0.023538
0.984662
2.29267
0.0831029
0.592504
1.24836
0.187742
0.409134
0.66843
2.17475
2.77739
0.0899947
4.82703
0.410607
1.09325
0.277605
1.34826
0.357536
0.161986
4.31524
2.27325
2.88446
4.56949
1.26787
4.51522
0.684136
1.46045
1.34238
1.07024
6.94754
2.92808
5.00696
0.337074
1.86332
10.406
0.643167
3.41631
1.60995
1.3883
1.23015
11.31
1.45962
1.45258
4.78502
0.0104271
8.37292
2.70572
1.90902
2.35077
0.5874
0.0656663
0.0975403
5.14093
1.40882
0.967718
0.121624
3.31411
0.233967
5.80084
1.65062
1.18841
0.382805
3.47795
2.43209
0.186205
0.650906
0.0874858
1.27656
0.53916
0.756089
0.291439
4.5095
5.73292
2.63578
6.32121
1.23237
1.13691
2.46063
0.311437
0.223875
1.14824
0.930749
1.65244
0.594657
0.299786
2.85007
0.843189
0.451293
0.205838
3.35543
1.68329
6.65404
1.48383
7.04673
0.0426516
3.15297
0.919631
7.85427
4.30145
1.64469
0.018687
1.84663
8.04591
4.76542
3.54627
0.411836
0.365924
0.216284
10.0113
0.0791456
1.014
0.808132
1.35101
3.90104
0.343713
0.255439
0.769561
0.666196
3.01828
3.05019
1.57492
1.70335
2.46749
2.02395
0.563665
1.30439
2.36312
6.87158
7.32253
2.72672
0.313776
3.97409
1.74359
3.02372
1.37473
0.41651
6.46798
1.57667
1.74263
0.0102261
4.90449
2.02836
1.01766
0.479054
0.541257
3.75463
0.992202
1.55393
1.74311
0.512108
0.656453
0.0743656
2.19503
0.867729
1.43324
0.855115
1.26185
3.76907
2.52109
10.5182
7.8953
1.97826
0.939047
2.59364
2.01407
1.16393
3.47227
0.642616
0.22477
3.85653
3.79691
0.0353099
0.543093
0.220969
0.314712
5.46366
0.26455
1.42915
0.0667
2.03554
8.68561
1.84411
4.43833
1.98257
0.639584
2.18785
0.934256
0.0146536
0.141918
0.673745
2.17179
2.28387
1.20588
0.493592
0.65146
0.834974
0.0912504
1.23831
4.61721
0.22231
4.59321
0.695714
0.822262
0.647862
0.373623
0.512625
1.81962
0.340391
0.869891
3.44186
0.0621559
2.53596
0.63986
0.552034
1.31556
2.23192
0.402764
0.217399
2.99669
4.07123
0.516764
0.0952317
0.352043
1.36996
1.16142
0.472711
0.668709
0.152898
0.898834
0.702238
3.76118
3.94369
0.187742
1.13162
0.387412
1.04917
0.639034
2.21914
0.17657
1.24203
0.888516
2.12437
2.34301
0.634908
0.285663
1.76475
0.364243
0.297232
1.25659
3.3565
2.89975
1.66804
2.79269
2.7158
1.47462
2.0634
2.0724
1.23422
1.02432
0.761643
3.43962
1.39351
0.0371428
2.46612
1.34082
0.842884
0.632712
9.01972
0.633261
1.8241
0.417495
0.134631
6.78646
1.18552
1.73691
0.134417
0.204508
0.0504305
0.493336
1.54438
2.20584
4.45681
0.465126
0.181382
0.450041
5.31852
0.308635
0.837101
0.0492002
1.06717
4.83599
0.319868
3.12989
0.652014
2.5827
2.12668
0.619855
2.17534
0.496154
1.58726
3.99462
0.5634
0.201631
1.22535
2.11744
7.24618
0.878561
1.73643
0.824073
1.2611
1.49521
1.25547
3.58432
0.955104
3.72479
0.990889
0.375312
7.19442
2.6098
0.666475
5.58722
2.10881
1.02833
0.110603
0.156788
4.48675
0.135915
9.7857
0.249993
2.74715
3.77698
2.35012
2.31545
0.203623
6.68774
0.349421
0.780759
2.2933
6.23806
1.43857
0.520393
0.134417
6.18009
0.968367
3.41962
0.993517
0.840751
1.73881
3.14525
1.37473
1.15393
1.31055
0.229475
0.214502
1.1486
3.55098
0.6878
0.835885
3.51356
0.325979
0.579903
0.571102
0.00982409
1.12459
1.64651
0.508237
1.49183
3.57474
1.37513
0.219853
0.93043
0.422183
0.824375
4.98265
2.54379
0.850825
0.681322
2.96385
1.43447
2.14647
1.74982
1.1964
4.73531
0.154626
0.557313
0.980739
0.634084
2.64852
0.432584
0.118014
4.95388
2.53951
1.33145
1.07948
1.3879
0.137629
0.426882
1.10712
1.91423
1.70194
1.0394
0.220523
0.345852
3.95377
1.75558
0.0831029
3.25419
0.313542
3.95088
0.0381618
1.63153
4.19277
1.62882
0.202737
2.17238
2.21309
3.16657
0.0627749
0.733162
1.16715
0.711636
2.49934
0.502829
0.84197
6.75106
0.58017
3.73383
2.74952
1.79838
1.72313
0.951239
4.32044
0.166763
0.658675
0.0219197
1.89402
2.45585
1.49859
0.691753
6.06895
1.9231
0.0590636
3.04836
0.474992
1.47629
0.975521
0.002001
4.8814
0.210277
4.24053
4.15888
5.80448
4.89985
1.50155
2.60759
4.83599
0.784012
5.47599
4.49052
4.34136
0.147078
0.0194947
3.05664
0.0176779
0.364723
0.142777
0.424407
3.41962
0.0286036
0.142562
2.994
0.568443
2.44971
1.17577
0.0304303
1.55915
1.24836
3.19206
0.123325
0.53759
0.501286
0.820453
2.06677
2.72594
0.715065
0.756089
0.461847
9.70726
1.17182
0.608165
2.89549
0.556784
2.03665
2.52109
0.631614
0.306069
2.56243
1.70147
0.205838
3.92794
5.21279
0.497179
3.11844
2.82528
6.03596
2.32055
2.75586
2.18546
2.25402
0.398854
0.135273
1.25847
0.136986
2.86426
1.37871
1.36719
2.14005
1.14434
0.505917
2.16056
2.19323
0.335181
2.14999
3.18221
0.120562
2.03997
0.342289
1.34238
5.84496
0.54677
0.90417
0.413802
0.00841769
1.33535
5.30429
2.59657
3.27465
1.01334
0.247728
4.78065
5.0094
0.0770659
1.23719
0.786381
0.132493
0.512367
0.990561
3.85516
2.11398
1.28529
2.69492
0.0584457
1.14789
1.54352
2.6621
1.02265
4.08506
0.318695
1.68422
3.43739
0.461092
5.45753
1.10399
1.23237
2.73063
0.347517
1.53015
2.25341
3.29636
4.002
0.771325
0.440047
3.76643
0.110814
3.46774
5.40911
0.52741
0.900402
0.66815
6.06895
1.78906
5.44531
0.100693
5.95972
0.166763
1.60459
1.28149
1.291
2.93674
3.0631
2.43007
2.3762
1.014
0.650076
0.612235
1.4872
5.52924
0.695997
0.505145
0.334945
5.22912
0.0866502
2.35466
2.8509
0.287972
2.68647
0.483124
5.08422
0.485417
0.0346993
1.02432
0.463864
2.32183
0.93043
0.463864
0.537851
1.61532
0.69543
0.00761448
10.7634
3.19997
0.426139
2.10594
0.89445
3.23494
2.15057
0.660344
3.80762
2.37292
2.8559
0.0353099
0.737206
0.591697
0.486437
3.34476
3.7094
0.0190908
1.90384
0.675706
1.23126
1.94361
0.631066
3.4086
0.155058
0.0506356
5.74703
0.723375
0.208944
0.647862
2.40661
0.114623
0.587937
2.28889
4.18141
0.770737
1.56308
2.62981
2.50843
0.253168
1.69073
7.20908
3.94225
0.437805
0.0983805
0.894137
4.47547
0.099221
0.47753
1.10677
3.86204
1.97235
4.96821
1.42874
1.42099
2.00751
3.54391
0.176788
1.76136
2.62015
0.278524
1.48006
5.74349
1.31479
7.08783
2.72907
0.267749
2.92204
0.174823
0.200525
1.54481
0.561281
3.70684
0.843494
0.974869
0.724524
0.647862
0.345376
0.30537
4.18952
4.10521
0.333054
1.23089
1.66114
0.281745
0.778987
1.52285
1.66666
3.14814
0.281285
0.329985
3.66892
1.58947
0.703091
3.04377
0.27141
0.391786
1.85673
0.0375503
0.52247
1.13656
1.83659
1.19023
0.269808
5.34151
1.15073
0.454554
1.45921
0.865878
2.34753
2.18546
1.20588
0.734605
1.31132
1.31633
3.31621
1.00439
0.258168
1.83458
2.97798
0.303973
0.0851888
7.28399
0.206503
0.631066
4.46985
0.465378
4.74173
0.480834
0.207612
0.452045
1.34277
0.377484
0.152682
0.3729
0.0729131
0.729126
0.228578
0.997794
8.63998
1.80379
1.79592
0.143207
1.5323
0.745028
1.25809
1.99013
1.97826
0.389598
1.85875
0.0868591
1.89144
2.24663
0.878251
6.01561
4.4494
2.92031
0.41651
0.104482
0.308635
1.08945
7.23126
0.896328
1.76668
0.468156
0.928839
1.91944
0.663407
0.313308
0.856035
10.4427
0.187083
4.63134
2.66134
1.18878
0.217399
0.891637
1.30478
0.603021
1.42548
0.0627749
3.20492
1.66804
3.11274
3.16754
5.06651
0.759595
0.0150565
1.90021
2.02395
0.965448
2.36247
0.702522
0.198978
4.16048
1.57052
0.11018
6.89658
0.925341
0.470938
3.80762
3.09011
6.3118
4.47547
0.347041
0.81985
0.0648398
0.794696
5.89388
0.333526
0.498462
8.5374
0.393734
0.494104
0.652291
0.701386
0.62313
4.70145
0.676267
1.22756
1.64196
0.759302
3.32779
0.28751
1.8827
3.78095
2.50843
1.53187
2.16883
0.308868
0.603562
1.97182
0.202516
0.0322588
2.98598
5.24834
1.88065
0.24637
0.0762346
2.49167
3.52985
0.639034
2.76142
3.26541
2.21914
0.0102261
0.0925068
2.61275
2.52674
3.8483
0.304671
0.493336
0.65673
3.40091
0.395195
2.43682
0.0391813
2.40928
0.912991
4.10833
6.16694
3.66766
0.0988007
3.58072
1.29444
1.07365
1.10747
2.10651
1.65885
2.72437
3.46095
3.36294
6.73359
0.382563
0.686671
0.0831029
1.0431
1.35179
0.44954
0.0528933
3.38673
0.0776896
7.6794
0.438303
3.14525
0.0671136
0.341814
3.55571
1.47127
1.67311
0.483124
0.179193
0.973893
0.323862
1.45962
0.0810191
0.0866502
0.839838
2.38673
0.95704
0.0304303
1.7969
1.19458
5.39422
0.600589
4.56165
0.513918
0.954782
3.35543
0.373623
0.161336
1.03738
1.12564
2.68647
4.81145
6.41291
3.61822
4.55189
1.15286
0.290514
2.11801
2.78946
4.13029
0.672065
2.58488
0.543093
2.87097
2.50353
0.0828944
5.08677
1.36877
4.39465
0.905428
1.18371
1.14682
0.485417
0.51806
2.07692
0.61822
2.09565
0.102797
5.38829
0.954459
0.271181
1.31517
1.43857
2.82939
3.79291
0.205173
1.88014
2.33657
4.13503
0.625316
3.62924
0.60248
3.19304
4.42732
1.0573
0.0459232
0.711065
2.0606
3.63539
0.563665
0.106591
3.25215
1.41206
1.25809
1.61757
0.964152
0.716495
0.0977503
2.50353
0.197211
1.82012
0.560751
4.82257
2.36116
4.45125
5.48218
5.39422
0.681603
7.09476
1.31942
1.18805
0.878251
0.984008
0.440296
0.192141
1.3299
0.752007
0.922484
1.52499
1.82759
2.26454
2.94632
1.54049
5.99146
2.0985
0.802448
1.52414
0.893512
0.709354
5.94794
1.76378
11.1455
0.0747808
0.584184
4.09589
2.1706
2.80485
1.90695
3.54156
0.205173
3.01738
0.0219197
0.925977
0.228803
4.06054
0.909521
0.81985
2.14706
1.4788
0.820453
0.0572105
0.459581
0.265007
7.05352
0.457066
0.660623
0.923753
0.441293
0.855728
2.46406
6.64847
10.9453
1.76281
0.504887
1.2975
0.509268
1.97235
3.5357
0.579101
0.669827
3.08076
3.84009
0.226561
1.42059
1.22019
2.53596
0.746189
0.065253
0.151172
6.20219
3.88284
0.492313
5.21822
0.114835
3.70812
4.07276
4.05142
1.58549
2.21248
0.0304303
0.654232
1.7503
2.33721
2.20946
0.379659
0.921533
0.323862
1.68841
0.305836
0.281285
3.02826
1.29826
0.118651
0.681041
6.85303
0.0772738
1.50749
1.0394
0.180506
0.0994312
0.780463
1.02632
1.74598
8.23318
2.61275
3.08636
0.249993
1.41409
0.837405
1.51644
0.56924
4.37316
0.485927
0.139343
0.616314
1.83108
4.27923
0.470432
2.13772
7.49302
1.57536
0.396902
1.75751
2.31545
0.317054
1.4072
2.23253
2.69646
0.856956
4.92551
2.33785
2.72516
0.299786
0.329985
0.837709
1.04647
0.425397
5.15668
1.5802
0.245239
0.543617
3.73642
1.47545
0.200304
0.70025
0.845935
1.70194
2.33657
1.39592
2.89209
1.48804
1.7633
1.25135
1.88424
1.09636
1.30516
1.58505
3.86342
0.129077
0.977476
0.319633
2.18427
3.97993
2.96033
0.707929
2.698
7.25369
3.43627
1.13373
2.87013
4.68681
0.414048
0.824677
1.16321
2.48473
4.18465
1.00274
1.99338
0.494616
2.11744
1.92519
0.692601
0.409134
0.255894
5.33286
1.5736
3.02916
0.397146
2.8261
1.65062
0.922484
2.0097
3.71196
1.82958
0.985644
2.81381
2.87939
3.16559
0.59897
1.12283
1.07297
2.65077
0.406192
0.357775
2.26703
0.450291
0.969666
1.27127
1.80379
2.10766
0.344426
0.287279
0.329278
2.71192
0.977802
2.13306
2.80566
0.684699
1.34199
5.83754
0.00080016
0.699399
6.73359
3.71196
1.4468
1.53058
1.60102
0.351328
2.04219
1.04142
2.51686
4.63134
1.22941
2.14999
1.22387
2.28827
0.0646332
4.8026
1.58328
1.84361
3.17144
0.590085
0.169809
4.73745
3.01467
0.408153
0.509268
7.06034
2.09223
3.46321
1.1362
1.79396
2.88615
1.62071
0.323862
0.683573
1.90228
6.90288
3.2089
6.11096
0.0743656
8.02369
2.84177
0.52247
1.01666
0.0338854
2.24724
1.1288
1.63244
1.44474
1.61487
0.60925
0.992531
2.62758
0.259079
0.674025
3.61091
3.47454
0.0640136
2.462
3.29948
0.466893
1.01002
0.442042
8.42626
3.42738
0.778987
6.954
5.65029
1.08498
4.63134
4.56361
0.0735354
0.543093
2.77179
1.00605
1.39632
6.15823
0.00982409
1.77298
2.68341
3.94944
0.229251
0.111025
0.497692
0.125241
1.64287
0.239821
0.969017
0.844714
0.279904
7.04673
0.289589
1.17649
0.0479707
4.22228
1.53445
1.17505
0.171769
6.18449
0.118439
0.0281978
0.961563
1.05357
1.10573
3.35865
0.399587
2.35207
1.05357
0.862489
0.61305
1.16214
3.32568
2.24233
0.608165
2.43547
0.594118
0.0142506
0.851744
6.06065
0.499745
2.02285
2.2933
2.10766
0.987282
1.72219
2.08768
2.52462
4.49619
2.86258
0.347755
0.247954
3.92367
0.229475
1.14434
0.898834
4.5114
0.981393
2.52532
0.152898
3.15976
8.87931
3.25317
7.87468
3.52868
0.205616
0.478546
7.01979
5.13832
5.29015
6.09405
3.11464
1.96433
0.256121
1.71652
1.28377
3.8265
4.83375
0.112083
5.80448
2.75665
0.341577
0.262497
2.67653
0.54047
0.270265
2.01462
2.35531
6.34494
1.65427
0.0756114
1.28948
2.46406
2.06902
0.331165
0.766038
2.13714
0.507979
0.46563
4.3696
2.23376
3.24505
8.33383
0.884777
0.481597
1.47253
0.357058
1.28415
1.95899
0.297464
2.19742
1.27505
0.00120036
0.513142
0.260217
3.61456
0.358014
0.572433
3.13851
0.528712
0.243657
8.13735
0.0743656
0.662571
4.82034
1.58284
1.6497
0.249993
1.54395
0.415279
2.29645
1.22609
1.03839
2.40661
0.68076
0.292134
1.54265
1.48594
7.05352
1.13903
1.98418
3.6012
0.0379579
0.892262
4.27075
0.219407
2.90572
4.96103
6.38837
1.61532
3.03919
1.31132
0.284971
3.26132
3.92794
0.763107
2.33079
2.98598
1.27391
0.834063
13.4509
0.395439
1.62657
2.8777
0.191481
1.89918
0.518837
0.48899
0.622311
11.7563
2.10938
0.0885308
2.88954
6.45281
0.479817
8.73231
0.339206
3.69412
1.94731
1.41815
5.03156
5.33574
3.30782
2.13597
1.92049
0.0874858
0.182696
2.65077
0.681041
1.83659
1.98905
0.654787
0.756673
0.239595
0.290052
1.86484
1.74311
0.94706
2.91601
3.34582
0.643443
2.67044
0.148154
0.144281
0.956394
0.912991
0.732585
2.72985
0.345852
3.10801
0.332345
1.2521
0.469926
0.566053
1.02833
0.87763
3.84693
1.26599
3.19008
1.36086
1.74646
0.418728
0.133348
0.162637
2.29078
0.150741
1.22572
0.246144
2.26021
4.18141
1.29711
0.70622
0.412081
1.00969
1.99554
2.02891
1.67311
0.590891
4.47734
0.0192928
0.427872
1.29176
0.35419
0.211388
2.18307
0.151172
1.92049
0.822262
1.61891
5.18855
0.00120036
2.65605
1.60548
0.846851
9.63178
5.09442
1.88938
0.724811
1.40317
6.5194
4.35543
2.26083
3.55098
4.28093
3.45644
0.338258
2.89209
1.48006
1.34512
0.684417
2.81626
2.59145
0.361126
1.54092
0.941608
5.28452
0.0747808
0.74677
0.976498
0.218291
0.251126
3.81974
0.332345
3.49395
1.61891
1.16178
0.572699
0.202294
0.755797
2.1706
0.152682
1.18226
0.224546
0.677389
5.81544
0.140416
0.758425
2.54379
0.565522
1.7118
2.81954
0.926612
0.211832
5.05897
0.174168
0.209166
1.78173
1.32873
0.589548
7.33033
0.698264
0.0494052
0.228578
8.32097
6.11096
1.17325
0.912991
0.214502
0.400564
1.71604
0.6534
2.8261
1.60057
5.15141
0.800358
2.63652
3.54745
2.58707
0.338969
0.00380361
1.65153
3.98579
0.324567
0.176788
0.44979
3.47341
2.50913
0.327863
1.04546
2.70727
0.0912504
1.25322
1.51005
1.05086
1.40801
4.8248
2.57834
2.01462
0.221416
2.20283
0.101955
3.06773
2.07692
0.557313
4.03933
3.01196
0.177662
0.965124
0.992531
0.113352
1.79347
0.729414
1.33301
0.0414261
0.547821
0.88758
0.544142
1.67404
5.93235
0.638208
3.50546
0.131212
8.5374
1.61936
0.986954
1.20771
0.184889
2.58561
3.24201
1.9574
3.81974
1.75318
0.403253
0.052072
0.175696
0.493336
1.1099
2.81299
3.37156
1.35849
1.47587
0.717068
3.09481
5.60033
2.34495
2.65228
10.3346
5.62682
0.985644
0.119712
0.720219
0.207834
0.487968
0.879492
1.71133
0.844104
5.32424
8.01267
1.25472
0.534713
5.53242
1.60995
0.835582
1.81764
0.129931
1.94202
8.59537
0.914886
4.26568
0.652846
2.7322
2.5388
0.263409
1.58947
3.57474
0.951561
2.76142
2.19024
7.9478
1.23645
1.32485
3.1318
1.69913
3.57593
0.0729131
2.82939
0.967394
0.252034
1.35258
3.23393
4.51714
1.4214
0.45355
0.0793536
3.32252
0.141489
4.05598
1.57711
1.95846
3.78758
2.88785
2.44292
3.13755
2.61867
1.57888
0.860951
4.63134
3.28599
2.09679
1.40438
0.0603
0.946097
1.3815
6.50901
7.29164
0.575364
1.57844
0.205616
0.0302273
0.758425
4.27414
1.53488
2.04497
3.08076
0.83194
3.69032
4.12714
1.23608
4.57342
3.94656
0.347279
0.955427
4.90449
1.62521
5.37062
5.00451
0.906686
2.95069
2.95507
0.422677
1.90902
0.732008
0.0685619
0.0623622
0.693166
1.53574
1.31209
1.73929
0.614953
0.454554
0.896015
0.680479
0.490778
4.46053
0.56181
1.83709
0.262269
1.12248
6.96699
2.28952
3.2099
1.44186
0.935532
0.0908317
2.18964
5.38534
0.282436
1.40357
0.00120036
2.67882
9.15122
2.36638
0.986626
0.341577
0.401786
0.0263731
4.29458
1.1518
0.176788
0.692601
0.0273867
0.859721
1.64879
0.79202
1.19349
3.10139
0.493592
0.211388
1.39873
1.99338
0.395683
6.19775
0.766331
0.289589
0.0584457
1.18588
0.231944
8.24549
5.37356
0.431839
1.75895
0.529494
0.207612
1.68794
4.81589
0.761057
0.180506
0.911728
3.13276
0.476007
0.126519
0.9593
0.697414
0.373141
2.17594
0.361605
1.18335
1.39471
1.245
6.00753
1.34551
1.79445
0.0365316
1.9686
2.69723
1.05798
4.88599
1.13903
0.801851
1.79592
0.095022
0.975521
0.558105
5.54198
6.91554
0.681322
0.135059
5.2594
5.13571
0.827398
0.371696
0.161986
3.93938
0.62395
4.09434
1.0624
1.94519
2.16646
0.405702
1.26862
0.370732
0.336837
1.24314
2.55667
1.60236
1.42507
3.45082
0.373623
0.666196
1.5758
3.26746
2.00424
1.39431
0.313542
3.21288
0.0908317
3.617
0.386441
2.81381
4.38567
1.57667
1.40882
1.93727
0.0617433
11.7563
4.41819
4.79819
2.46063
1.85218
1.54741
3.91657
0.331165
0.793506
0.65562
2.88108
0.476007
1.78222
6.48839
0.225666
0.573765
2.00751
0.620128
6.83465
0.00120036
1.41409
1.24277
5.95578
0.179412
3.04102
7.61533
2.93588
4.31351
7.23126
0.200746
0.0555648
1.14611
0.568709
4.11771
0.432336
1.99175
1.91266
0.262953
1.2536
4.93492
3.09105
1.46711
0.81053
4.86539
0.223204
2.70263
0.0941832
3.66641
0.398854
1.77298
2.31481
2.95507
1.41855
1.20844
0.154626
2.7935
1.42915
0.382805
2.57906
0.349421
3.16852
0.165242
2.75665
3.28289
0.0716689
1.97128
3.29844
0.208278
3.74811
3.26746
0.045514
1.85268
1.40357
1.65107
3.21089
1.50155
2.2362
1.44804
0.204065
3.97993
2.16056
1.08704
1.34395
0.263865
1.7312
1.01566
0.131425
0.244109
0.871127
0.0459232
2.83929
2.61867
0.425891
2.46269
2.18069
0.31097
2.26641
2.92204
1.90228
1.09913
0.507721
2.78865
0.272327
3.37048
0.726536
0.864645
1.1729
2.40395
1.06921
0.449039
0.776626
3.30052
2.06396
0.923119
1.18878
2.01846
4.76109
2.30593
0.0631877
6.86538
0.447037
0.0789375
1.36441
1.0658
3.2603
1.21247
0.17657
2.6017
1.85268
1.46336
4.29801
0.512367
0.255667
2.02065
7.57961
1.42018
0.439548
4.10833
3.49395
1.60236
0.530276
4.22724
3.23595
1.89556
2.25897
0.658398
0.237117
0.160469
0.6534
1.42548
4.09124
3.3026
1.013
1.88989
8.76405
1.04041
1.5679
0.754922
0.751716
0.221416
10.3346
0.963505
4.1944
0.234416
0.806635
0.933936
1.49014
1.48048
1.04007
0.618765
0.860335
4.47172
1.86382
0.124815
0.994832
1.19895
1.92415
1.16823
0.164808
1.37871
6.33542
1.05425
0.418728
2.3385
1.4501
0.581507
0.514952
0.428368
1.10781
1.14044
0.278064
2.38146
8.38612
0.675146
2.18904
0.395439
6.39325
3.90245
2.35077
0.477276
1.39954
0.258851
4.04386
2.60244
0.626137
0.632163
0.567646
0.755214
0.697697
1.78466
0.200083
2.70649
1.14647
0.427872
2.39267
2.49098
0.442541
1.17757
1.3899
2.69877
0.0864414
3.26746
0.693732
0.820754
4.8906
2.72907
1.2235
1.53574
3.92794
1.11444
1.37115
0.00801604
0.237342
1.97665
0.335891
4.92082
1.4931
5.14355
0.709354
1.64151
2.51615
1.73357
0.0625686
5.84868
1.89763
0.371455
0.683573
0.0104271
3.92083
2.07805
4.76976
0.343476
0.0662864
5.36476
0.59897
2.3091
4.89291
3.07237
2.83351
3.98726
6.8903
0.954137
1.99013
5.4729
1.31517
0.952526
0.257031
0.713636
1.91944
0.659232
0.963181
7.20908
0.0673204
1.10052
0.636283
1.08911
0.824677
0.334472
0.140201
1.72077
4.29801
5.38239
0.685826
4.1509
0.581239
0.59897
0.830425
0.684981
0.104061
2.83268
1.19386
1.09844
1.76378
4.96342
7.49302
0.435566
0.454554
4.63946
1.56965
0.310269
0.920265
1.67588
0.61931
2.88192
5.3444
3.62066
3.39545
0.28751
0.715065
2.40528
2.26641
0.430351
4.17495
5.33574
1.73405
1.77298
0.0361243
3.66266
1.21908
0.263637
0.248181
0.135273
0.78816
3.44858
0.124815
7.33815
1.20588
1.03503
0.308868
2.81463
3.02644
0.270723
1.55872
2.80647
3.41631
2.16764
1.7793
0.545981
0.828911
0.109757
3.59636
1.56527
0.197653
0.53759
2.42401
0.0128411
0.68921
2.72281
5.15668
0.0128411
2.32758
1.97934
2.87518
3.48365
3.14621
0.457317
0.267977
2.79269
1.54785
5.5229
2.49655
5.60033
1.10295
1.53273
1.54222
0.814133
2.53667
1.67034
1.25285
5.4729
0.0485854
4.19114
2.8559
2.60464
2.3231
3.15104
2.14238
0.111237
0.0814357
0.856342
1.08188
0.429359
0.433578
1.09983
1.52585
0.542306
3.83873
2.29708
3.42627
0.778101
0.657286
7.53585
0.488479
0.950595
1.60102
1.89763
5.01185
0.154842
1.7503
1.69027
3.89683
0.192141
3.13755
3.00027
0.604644
4.00941
0.275079
0.642064
2.38937
0.122262
1.60146
2.93674
0.0406095
11.0429
6.45281
3.33202
0.956072
0.590622
2.55739
1.31209
0.321042
8.42626
0.816538
1.51644
1.79887
4.66403
0.0296182
0.135273
3.15394
0.134204
0.418235
0.0687689
0.69628
0.591697
0.512367
0.448038
1.30018
0.278754
0.606268
2.72047
2.26206
2.23804
1.73643
3.3026
1.25547
1.4267
0.073328
4.40548
1.09014
1.05323
2.13132
0.525849
1.36323
0.906372
1.31363
0.275079
0.507979
1.73453
1.74311
1.73024
0.0962808
0.594926
1.57667
0.841665
1.41937
2.24479
0.22164
0.459078
0.225666
3.84009
1.30401
1.64742
0.8767
0.21428
4.59122
3.38455
2.79916
3.55808
0.411344
4.34838
1.34983
0.118014
0.0122374
1.70288
0.884154
2.88615
0.435317
0.587937
1.77784
1.68051
1.14682
0.117166
2.51053
4.31178
0.148801
0.611149
0.560751
0.514176
1.25734
0.341577
3.66017
0.0298212
1.47587
1.52114
5.88628
0.918681
4.33261
0.00160064
2.12032
1.42629
4.4494
0.206282
1.0001
0.824979
0.0843542
0.0508408
0.445037
0.813832
1.43939
0.725099
3.29948
2.97798
1.97719
9.11276
0.0785214
5.37062
0.254076
0.752881
4.16209
0.586864
0.621492
3.2603
2.77739
0.650353
1.3887
1.67127
11.0429
1.34316
0.181601
0.18182
0.698264
0.566318
1.43038
3.16852
2.06565
1.81764
0.511333
1.68376
2.14823
2.72516
0.490523
4.75031
2.03001
1.52843
4.2963
0.443289
4.10521
2.22218
0.641513
0.081644
0.112294
1.39914
0.759887
2.15997
1.0394
0.41159
0.351566
3.27156
0.581507
1.10956
1.792
0.853275
4.85177
1.83058
0.582577
1.68748
3.97117
8.06838
7.80415
0.105115
0.136772
1.70945
2.08144
6.26081
2.34237
0.0365316
1.06206
1.08808
8.24549
4.32739
0.0824775
0.0981704
5.80448
1.06819
3.76643
3.19502
3.19799
0.401541
0.0106282
5.2155
1.8231
0.689775
0.226113
6.18449
1.2536
1.15964
0.0408136
1.15357
0.906372
0.980739
7.47614
0.482615
0.270265
4.59321
2.58561
0.428863
1.54655
3.19898
0.0977503
3.16852
0.282436
1.78808
0.600049
4.28093
1.24203
0.933617
0.166981
0.823771
1.54222
3.71068
0.360168
6.08565
3.67268
2.08938
1.44186
3.53452
0.843189
0.194344
0.9827
0.19126
7.20908
2.51194
5.93623
0.756965
0.60221
0.0310396
2.75507
0.588742
2.24479
2.41128
6.92189
0.302576
3.4974
2.35726
1.41246
4.21404
1.49352
0.492568
2.65832
1.71746
5.38239
4.02581
1.30593
2.19323
1.42833
2.13016
0.166981
0.123325
2.32694
2.99848
4.48486
1.16859
0.881977
0.0879038
11.0936
3.98433
0.547295
2.89634
0.314478
2.26579
1.64788
0.213835
8.23318
0.311203
0.385229
1.29941
4.62729
1.85825
0.683573
1.26599
0.161553
0.566849
0.979433
4.76976
2.14414
4.81811
0.523769
4.59321
0.106802
0.622038
4.27584
8.8291
0.264778
7.5186
0.398854
0.729126
6.69342
0.434323
0.132707
0.709069
3.42738
0.138486
1.11549
3.17242
0.519615
1.33691
0.139129
1.07914
0.252261
5.65029
0.0255627
3.02372
0.45933
0.338732
0.531319
1.99283
0.362804
0.119075
0.419221
0.207169
4.66403
1.36283
3.54863
1.01168
0.441044
2.03831
1.23422
3.7783
0.406682
0.640135
0.791129
1.15393
3.42738
2.17772
0.140845
1.34747
0.0539204
5.21822
0.373623
2.22279
0.0879038
3.90668
1.68934
0.839534
0.258168
0.577499
0.0720835
0.223875
2.26083
1.07605
3.25215
6.62637
0.304671
2.75507
4.40548
8.42626
0.940967
0.611421
0.528712
3.82109
1.68329
1.31633
1.43283
0.0508408
2.04775
2.92462
0.26935
3.88423
3.948
4.21568
0.290514
1.14292
0.579368
2.39532
0.766625
0.169809
0.622857
0.448038
0.223875
3.7094
1.70804
2.49934
0.95704
0.355146
1.44227
1.32059
0.282206
1.07365
3.44186
1.44063
1.14824
1.18443
0.821961
0.462351
3.25622
2.30656
1.34904
1.20771
8.79631
3.18025
0.323627
0.41331
0.0275894
0.283127
3.15394
7.31476
0.582845
0.86557
6.33542
0.317523
5.19929
0.0353099
0.119288
2.15644
2.29078
2.31991
0.340628
1.43775
0.460085
1.45175
1.21798
0.608165
0.143422
0.341102
0.633535
2.89294
0.292134
1.21872
2.99222
4.22558
0.261129
0.446787
1.9137
1.17002
1.72266
0.903542
2.02065
1.01766
0.953815
2.50913
1.96753
1.28035
1.76765
4.03481
5.71542
0.25022
4.27753
3.77698
2.17713
1.83308
1.41774
0.128011
1.49141
1.23719
0.768092
1.41003
0.724811
0.366644
0.332818
2.09565
0.342526
0.214502
0.168286
0.550717
2.27824
1.64378
0.371455
3.42738
2.88531
0.791723
8.74812
2.32694
0.32645
4.0109
3.87034
0.100693
0.00801604
0.806036
2.1494
6.84076
0.317054
2.95331
0.744448
0.803046
2.06846
9.17074
1.11828
0.479817
3.70429
6.86538
2.8426
10.2998
2.07748
2.80647
0.0868591
0.0209089
1.95261
0.750842
0.641788
0.92693
0.145141
0.442042
0.935532
2.69954
1.32718
6.35451
0.342051
0.466135
1.83458
0.64234
0.257486
3.70175
0.350374
1.37075
1.89556
1.13479
5.35893
7.31476
1.81962
2.67349
5.32998
1.4969
0.343951
2.80892
1.41693
1.63697
4.31524
12.2386
0.775152
0.0251576
0.00520677
0.938408
2.25588
2.08257
3.97263
0.617403
0.786381
2.95507
2.055
7.9478
1.30324
3.55571
1.75606
0.184231
2.71425
3.83601
5.4729
2.94719
0.126732
0.655342
3.47341
1.82659
1.19713
2.44224
0.417742
0.0379579
0.0756114
0.894763
5.95972
0.660623
0.144711
4.07583
1.44063
1.89092
4.02282
0.821357
0.87608
1.14044
2.7782
3.26439
1.2952
4.76326
1.62837
1.12213
4.63743
0.0481756
3.93795
1.35809
0.443289
3.25419
2.25279
0.0275894
2.02726
3.15976
2.03886
1.50919
0.361126
0.919631
1.3883
1.6662
0.247275
1.26147
1.10503
0.536282
0.236216
2.9949
0.496923
0.0494052
0.78905
1.97987
1.62386
0.0338854
5.61353
2.8777
1.09187
0.723088
0.70622
1.40761
0.701386
1.00869
1.33184
0.42416
0.536805
6.42778
0.393247
0.10849
0.663965
3.1891
1.15821
4.95864
1.92781
3.35543
3.75594
5.31566
4.79379
2.57906
0.329749
9.03798
3.37372
2.94196
0.674865
0.284971
1.32059
0.00600902
0.243883
1.34473
4.10833
0.618493
1.40842
0.24637
11.6861
5.4915
1.21467
1.60057
4.38746
4.76542
4.19929
2.9771
2.54808
3.12225
2.5973
5.6402
0.237567
2.16292
3.56996
0.26752
0.462603
0.0662864
5.65029
0.379659
2.04998
5.22912
2.96561
0.115894
4.54605
2.82774
5.27891
10.232
4.49619
0.741258
0.998124
2.78462
1.26825
3.39873
7.54452
0.735761
4.27923
3.89823
0.839534
0.105115
1.19859
3.06681
0.168068
1.83308
10.8983
0.801851
5.50714
3.18025
2.86007
3.09763
2.14414
4.52673
0.109546
3.10045
0.650906
0.0130424
2.03609
4.88369
3.5652
3.57952
0.997794
1.16751
4.44201
0.895702
1.53833
1.9654
1.05493
0.0361243
0.320572
1.33223
2.45653
0.927248
9.48886
0.942249
2.01407
0.189061
0.465883
8.81264
3.3405
2.47575
3.59878
1.19567
0.176133
2.92376
0.973567
4.2372
3.22689
5.56447
7.17988
0.433329
5.57419
1.69586
1.53833
0.33968
0.673465
0.647862
0.526109
0.022931
1.40196
3.6777
0.384744
0.0247525
3.15685
1.47671
1.3803
5.03651
0.780168
3.39873
1.16966
4.23221
1.6782
1.7871
0.0263731
0.797674
0.113987
3.16559
2.83681
0.632986
4.01238
1.76571
1.10816
0.707929
10.0113
2.5951
0.150956
0.860335
18.4207
0.306535
6.14091
0.162637
2.6621
0.1229
0.429855
1.77686
0.35921
4.08506
0.287972
0.262725
2.01681
2.82939
0.332818
3.77963
0.211166
4.42184
3.82921
4.00793
3.37048
1.54958
1.30555
4.11614
1.45341
0.51185
1.34082
2.0234
2.70417
1.98796
1.25472
1.75992
0.293291
0.724524
0.235091
5.76838
2.33271
0.215616
0.104272
2.59877
0.888204
3.26951
0.905113
1.77443
2.29078
0.913622
5.42412
5.02908
1.40115
0.442291
1.24836
4.49052
2.07184
3.11369
4.42001
2.00043
1.54698
1.9686
2.56531
1.36521
0.930749
0.919948
1.90643
2.32694
1.2975
1.55785
2.78221
4.49619
1.18552
0.0308365
2.3385
2.14706
0.881977
0.341814
2.48335
3.58552
0.28982
0.303274
0.046742
2.8584
0.709069
5.6335
0.505917
0.789347
0.230373
2.39003
5.73996
3.1318
1.8935
3.88284
0.602751
0.312138
3.75202
3.66142
1.63878
0.0122374
1.05019
0.895702
0.18445
0.631066
0.89758
3.49855
3.43627
1.02632
1.54741
3.18123
1.21651
1.37513
2.92721
0.0314459
1.01134
0.119288
3.58432
1.75895
0.265463
0.2414
0.647586
0.0687689
1.5908
2.09451
7.33815
0.0281978
0.451293
0.39861
1.40317
0.609792
0.506948
0.645375
1.90695
0.999771
0.160035
5.23185
0.378451
2.21854
3.66391
0.185986
0.969017
1.3819
0.194123
2.88954
1.3815
0.182039
1.19458
0.952526
4.48486
0.627231
1.08911
0.576164
1.08842
4.40186
4.66609
0.0537149
0.663407
0.84899
6.14523
0.181163
3.84967
0.946097
1.10712
0.604374
0.168068
3.88703
2.96297
0.452296
2.17594
2.03554
1.62476
1.155
1.46961
0.782237
4.86311
0.0231333
0.271869
7.08783
0.123113
0.678512
1.86281
0.721079
6.76868
0.178318
0.455559
4.47547
2.64852
0.808432
2.32438
3.45419
0.308401
2.98153
3.54745
1.25584
4.1944
1.6662
0.242528
1.02566
1.05662
0.19104
0.296768
0.0754037
1.5041
1.54179
0.018687
4.08506
0.683854
1.33184
0.303973
2.50913
0.329513
1.41896
1.7412
1.47127
0.730278
1.41774
1.56396
6.43775
0.680479
0.326215
0.451043
0.283588
1.43652
1.10747
0.404967
6.93467
2.25464
0.705935
2.63503
0.171552
1.62973
0.587132
0.023538
0.872674
0.388869
0.242302
0.719932
1.8401
0.0847714
6.65961
6.49867
1.43447
0.6534
7.28399
0.484143
3.16073
0.990561
1.35376
5.42111
2.48959
0.599239
0.0344958
1.45672
0.11166
1.60369
0.301181
1.55567
7.34601
0.582845
1.06614
0.00220121
0.687235
5.97553
2.75269
2.00861
0.0430602
0.307935
0.737495
1.7604
6.01966
0.331637
0.0500203
3.21888
5.58395
2.41663
1.6529
0.258623
2.41998
5.66723
0.0912504
5.32998
0.175478
1.42548
1.02566
0.183792
0.41159
3.07237
1.39712
0.138271
3.85929
6.32121
0.649799
4.12714
2.14355
1.63878
2.5682
1.72787
1.73072
0.539684
0.948023
1.90487
1.97075
0.0318523
0.301646
0.282206
1.61353
4.80481
2.96649
2.78462
0.855728
5.21822
1.71086
5.06651
0.380385
0.561281
1.40317
2.04108
1.54395
2.32758
3.23192
1.56352
2.54593
2.31227
1.26222
2.7158
1.52757
5.28452
2.54522
0.812631
2.88023
3.413
0.842884
1.45217
7.92663
3.39108
0.100693
2.52038
1.19023
3.80092
1.30363
0.172641
1.7871
5.94794
1.735
0.268663
1.28225
3.961
0.921533
1.4872
4.52481
2.00806
0.415771
2.27887
0.471951
1.16285
0.319868
0.147724
0.00100025
3.15007
0.0985906
1.95686
0.0365316
0.700534
2.79998
0.404232
0.890388
0.153978
1.29979
0.0286036
0.018687
3.08824
8.45347
0.179849
1.28491
11.1988
1.48341
0.0845628
1.63063
2.79188
1.1355
0.583112
0.391057
1.40438
2.11053
3.05019
0.413802
1.50749
1.00671
4.07276
2.95507
0.270494
5.08931
0.57057
0.641788
5.03156
0.364963
0.0724983
1.15002
0.654787
0.796483
0.898521
4.31524
0.264322
0.102797
0.0864414
0.0449003
0.171116
8.13735
1.00737
2.61867
0.765745
3.59515
3.16657
0.590085
1.27013
0.533668
0.362564
0.53158
2.36182
1.34121
0.427872
0.498718
1.57976
6.81644
0.992202
3.25724
0.22231
3.29117
1.09636
0.673745
1.70569
15.2018
4.46053
2.49934
1.5802
4.08352
0.896954
5.82278
3.31306
0.644823
4.12242
0.652014
1.12845
2.56964
0.9827
3.66766
0.616042
2.31736
6.66521
0.869273
0.180068
6.48839
7.15826
0.371936
1.48216
0.987937
1.71322
1.04546
1.1711
2.36442
3.47909
3.49395
0.88758
3.50546
8.19671
0.998782
0.637383
0.902599
1.35731
3.33731
0.923119
2.01079
0.471698
2.62683
0.249766
5.82646
0.678231
0.817742
2.29393
3.22188
0.226561
0.617675
0.0988007
0.266377
1.06002
0.121412
0.501029
4.02881
2.78946
0.550453
1.66252
1.15928
0.672904
1.7527
1.02532
1.17577
2.62832
2.93241
0.0664932
0.518578
2.9771
1.34787
0.370973
0.085815
5.52607
0.946097
1.03235
0.136344
0.280594
1.23831
1.3887
2.33528
0.243883
0.927884
0.420948
1.37513
0.385956
2.75031
7.29164
1.60905
2.0037
1.6996
2.52462
3.11464
3.22088
1.80231
0.555199
3.99757
0.438801
2.86929
0.153546
1.65016
2.83598
4.26568
1.14328
0.853275
4.54411
14.8372
0.60681
1.09118
1.78417
1.94837
1.51986
4.51905
2.9709
4.43281
0.203844
2.26144
5.73292
0.69147
0.345614
0.158736
1.35573
0.508237
2.22765
6.30711
2.62386
2.98064
1.17757
4.14931
2.59218
0.546507
4.0697
0.529234
1.12459
1.03134
1.87503
1.35928
1.55567
1.56221
0.917415
4.53058
1.80379
3.22388
4.13977
2.89464
1.61308
4.68473
1.70007
0.237117
0.444288
4.68681
7.60634
4.1021
1.65656
2.99133
0.550453
0.408889
2.56387
0.860643
1.01899
5.19123
3.52168
4.33786
2.39863
0.738652
0.281975
0.594926
5.09697
3.5652
0.453801
5.23733
7.08783
0.480325
18.4207
0.667033
1.76281
0.757257
0.184669
0.00560785
5.83754
0.932342
0.695997
0.464873
1.22092
0.595195
0.483634
9.27126
0.0574163
4.84049
2.24294
1.57492
5.78996
0.829819
1.74982
2.36442
0.313542
1.92205
1.99283
0.024955
0.0826859
1.6708
4.29287
2.07071
1.81714
0.0586517
3.47
4.87223
1.37751
2.96297
1.03101
2.224
1.04209
2.81626
1.34003
5.33862
0.0872769
6.48839
0.145787
5.67063
5.2594
0.814433
2.05389
4.49619
0.996806
1.10052
1.2777
0.517801
2.82199
1.24426
0.835582
10.1989
0.195226
1.60682
1.8623
3.38455
10.1664
2.49864
5.73996
0.202958
1.45506
0.371455
4.83151
1.05154
0.431591
1.44268
0.127584
0.693449
1.64925
2.00697
2.57688
0.48899
5.08168
0.806335
0.92852
2.13306
4.55383
1.83909
0.55388
0.67767
1.66804
0.173078
0.156788
1.38669
2.64476
3.73771
0.129504
10.5182
0.835582
2.3015
0.0812274
0.555199
1.75078
0.403253
1.55002
0.819549
0.981719
1.95155
0.896015
0.787567
6.94109
0.829516
0.508495
1.51431
0.636283
2.65002
0.791129
0.088949
3.06403
2.17416
3.40201
1.23682
0.475246
0.772796
0.815034
1.18516
3.59395
0.932023
2.57326
0.470685
0.0754037
0.920265
0.431839
0.68301
1.74455
0.0257653
0.631614
1.90902
0.194564
4.45867
0.951239
6.67082
2.96737
0.169809
0.985317
1.96219
7.29164
3.8265
0.0617433
0.468915
2.04664
2.71892
0.0664932
6.04005
0.868038
2.87433
4.85403
1.33379
0.657286
0.242528
4.46425
2.4882
1.15002
0.0451048
5.73996
2.33721
0.837709
4.06512
1.90487
1.53015
0.609792
0.945134
0.838621
0.154626
0.95704
0.557577
0.62997
1.28377
0.0737429
1.56833
1.01899
0.281285
0.927884
3.77566
0.737206
2.17772
1.03906
2.00152
10.1344
7.41816
1.46794
2.37489
0.957685
0.244335
5.69462
2.04664
3.53921
3.69412
1.96006
0.503086
0.493848
3.64279
1.16035
0.0375503
3.77698
0.209166
0.913622
0.577232
0.609521
0.210721
0.358253
2.41329
1.12705
8.01267
0.234641
2.06734
0.391786
1.70194
0.385229
1.90591
0.103218
3.88703
4.75893
0.729126
0.522989
3.49395
5.24558
5.15141
2.21369
0.847767
1.58373
0.0444912
3.17633
3.92937
0.74648
0.468156
1.29903
1.13974
0.51547
1.54179
2.19682
0.200304
0.854808
4.52289
2.33207
2.57616
2.79754
3.8103
4.66197
1.48467
3.26132
1.07058
0.327392
4.75893
3.79691
2.93068
1.14257
1.62296
9.01972
0.332345
0.537067
0.476007
0.661179
0.45355
0.168068
0.913938
0.938728
4.65376
0.164808
1.34708
2.07918
3.26951
2.2143
1.80971
4.91614
6.32594
2.13074
4.72043
1.04344
2.1801
1.68329
1.19059
0.886334
0.58338
0.39057
0.63986
0.87577
0.147078
0.529494
1.44063
0.00982409
4.73745
4.5114
1.74455
4.70145
0.141918
2.57543
2.16764
1.36798
2.04998
0.0440823
0.146647
1.08257
0.694581
0.231271
0.102797
1.49732
0.394221
1.3577
1.69493
0.112717
0.263637
2.7654
0.65951
1.63199
1.40397
1.74646
0.575898
4.57146
4.95626
0.00300225
0.456815
4.26568
0.0442867
0.631066
1.95155
6.19332
0.303973
0.451043
0.28751
0.303507
0.677951
1.95474
0.486437
2.77579
1.03805
1.06717
0.242077
1.78368
0.111237
2.19923
1.10573
3.00296
0.293523
0.370251
0.247275
4.68057
1.52585
0.329278
3.48594
2.74005
2.74715
2.05221
0.0714616
2.47093
2.47024
3.23293
0.458072
0.358493
2.84841
1.95527
0.507206
4.8814
0.533407
2.24663
1.53187
2.72047
4.08352
2.94719
1.11444
2.63952
5.12012
0.35921
5.78635
1.03637
0.171334
0.103429
0.342289
0.643443
0.235766
2.40129
4.76326
0.394221
0.277605
1.46336
1.15393
0.472204
2.779
8.74812
1.13762
0.392273
0.335418
2.51827
2.30846
2.69261
5.0143
5.94794
1.36639
0.906686
1.42181
0.265235
1.10434
3.7717
1.3923
3.26439
5.35601
0.0239427
1.16823
0.985317
0.740389
1.01999
3.85378
4.14612
2.67653
1.23311
1.36283
2.36573
1.84764
0.108279
2.05221
2.28638
0.119075
3.37372
5.95972
0.409134
1.51431
1.06002
7.1087
8.61013
6.55089
0.403743
0.56287
0.398122
2.60685
2.41195
0.220523
1.12283
3.58072
-0
4.67228
1.29367
9.55905
1.28301
0.0395893
2.32183
2.86258
1.12775
0.813532
0.639584
0.52221
1.2641
0.655342
1.09913
0.248181
1.2521
7.41816
0.330221
0.368086
1.21835
1.91475
5.78274
2.89549
0.346803
1.14611
2.07918
0.136772
3.56045
9.86735
7.59739
0.435069
1.34512
1.25098
0.00340289
7.73601
4.89985
5.69808
1.33496
1.39632
2.34818
3.20691
0.920265
0.00380361
2.45312
2.43614
1.18733
2.29204
3.55808
8.1141
1.36204
1.51388
1.74455
0.707359
4.28945
0.0446957
3.80762
1.42099
1.04074
0.0420387
9.55905
4.7894
1.05391
1.66758
2.10136
0.30537
1.74407
0.353713
2.50073
0.721653
4.06664
3.75594
1.3915
1.12424
1.09775
3.3813
5.31281
1.79739
3.79291
9.48886
0.759302
0.441792
1.19968
2.78946
0.970641
0.623403
8.87931
1.42059
2.07184
0.766625
0.335654
3.69032
2.83103
0.130998
0.56287
1.55828
0.0828944
0.147508
0.992202
0.0631877
1.72787
0.714207
2.66285
3.15491
1.33535
2.73298
2.63877
0.701386
0.334472
0.209388
5.89388
1.61129
0.517023
4.54024
0.714779
2.43412
0.396658
2.71347
0.824979
0.335418
1.81913
0.512367
1.21064
0.591428
0.157004
1.62476
0.0247525
5.11754
0.537851
3.2603
3.83737
2.6773
2.24294
0.614681
0.0939736
2.98153
2.44427
2.462
1.44928
2.53809
0.522989
2.0245
2.06509
0.796185
1.52929
0.108701
0.188621
0.74677
2.06396
0.5874
2.62163
2.60464
3.65643
3.1099
5.40016
1.64879
2.59583
0.56924
0.796483
0.816538
1.67866
1.27278
1.5561
0.331165
1.62296
1.90176
0.0508408
0.695147
5.33574
0.674305
4.41455
1.70429
0.828305
6.05238
2.03001
1.17325
0.87577
2.07184
2.42267
1.15322
1.23274
1.10468
2.66437
0.203401
1.57184
0.672345
3.63047
0.60194
2.05892
0.543093
5.97156
0.841361
0.660344
4.82927
7.03322
0.178974
0.866495
0.153546
1.28833
5.16195
7.60634
3.23898
0.863721
0.0925068
0.414048
0.432584
0.81113
1.16429
0.0330719
0.259079
2.84012
0.242528
0.0617433
1.66068
1.92572
0.829819
0.151603
1.87963
1.40882
0.0136465
3.01828
7.30702
2.16292
1.83659
0.578033
0.381837
0.255667
0.517282
4.09124
0.0428559
2.97444
1.68237
0.0489953
1.36204
2.85007
0.220299
3.39326
0.797376
2.58707
3.71836
3.53921
5.57419
1.12389
1.15357
2.41663
2.76142
0.346565
0.79827
0.0700112
0.381111
0.260217
0.202737
1.39712
3.66641
1.32757
1.4153
0.337311
5.06651
0.483634
2.08031
1.01201
0.154842
1.11793
8.23318
0.0555648
6.64292
1.85875
1.56439
1.99067
0.960916
0.0810191
1.4931
0.950595
0.845629
2.39466
3.62924
0.295377
2.0679
1.08773
0.628326
0.97715
1.96807
1.2758
0.847156
1.15002
0.971291
1.02766
2.00533
3.2552
4.50759
0.594388
2.08427
1.54222
0.984989
4.54217
1.79249
3.56877
0.735472
1.26222
4.34311
1.94255
0.968367
0.749387
0.0170727
0.87639
0.996477
1.95049
0.0565932
1.58152
2.30086
0.482615
2.3015
3.36617
3.27156
0.741548
3.25724
2.82692
2.07861
1.21357
0.480325
1.80231
1.5126
6.29777
1.16464
4.34838
3.60483
1.68469
1.64424
1.12529
0.254531
1.24203
1.24091
2.38475
8.61013
7.47614
3.71965
1.88117
3.20294
1.46544
3.93795
0.317054
1.43816
0.867729
0.389112
0.179193
0.0866502
0.320807
2.47093
0.68076
3.57593
3.44521
2.0245
4.48863
0.383048
0.399831
1.32757
1.48678
0.120987
10.4427
3.37156
0.763692
0.976498
0.371696
1.03536
0.998782
0.918998
0.109335
8.32097
5.27053
2.30846
2.67349
2.3762
0.980739
2.15409
7.08092
10.7204
2.79835
0.750551
0.142348
3.24707
0.69713
0.161336
1.47169
1.67219
3.5124
1.35652
0.775447
0.693732
1.13903
4.84274
5.35893
1.20041
6.60996
2.84758
0.968367
2.04831
0.46664
1.30824
1.80724
0.554936
0.557577
0.54493
2.30213
0.155058
0.887892
0.273244
1.10851
1.22904
3.91941
1.06614
0.932342
0.0847714
0.137414
2.12206
0.324097
0.187303
0.78342
3.49166
3.7442
0.0160643
0.398122
0.661179
0.0893672
2.2633
0.982373
2.24601
2.06621
2.20223
0.611964
0.402275
4.90682
3.51704
0.986299
2.2996
4.05294
1.3835
1.8406
1.81665
3.30887
0.073328
3.83057
0.724237
1.2424
2.00533
0.355623
3.69666
1.20114
1.70851
1.09705
0.120562
0.216061
6.02779
5.21822
0.454052
1.9745
0.336837
2.82117
7.92663
4.14612
0.45355
1.95899
2.73534
4.45496
3.38238
2.61275
2.61645
0.419961
0.321277
1.73167
0.736628
0.850213
0.70565
2.62015
2.10709
4.65991
5.00451
0.274849
1.57009
1.06002
2.82281
3.23393
1.24277
2.30973
1.42099
1.34983
0.485417
0.381111
0.284049
0.582577
4.61118
0.067941
0.330693
3.01557
0.592773
0.671785
5.08931
4.46798
4.90682
1.519
4.14136
1.4068
4.42001
0.984008
6.64847
4.38567
3.15782
0.336837
4.6889
0.860335
0.862797
2.00533
0.365203
0.504115
0.26752
3.96826
1.92572
0.600319
2.10823
0.857877
3.82514
5.1331
0.0273867
2.28387
0.095022
0.747352
0.706504
1.9378
0.96027
1.03738
2.43885
2.45039
0.931386
0.43905
6.74522
1.9184
1.05154
4.97783
0.803942
0.325744
0.631066
0.820754
1.08257
0.294218
0.067941
0.891949
1.54092
1.42507
2.45995
1.96753
0.716781
2.28262
1.85319
0.41454
1.32291
1.00538
2.32502
0.551244
0.122475
0.149878
0.264322
1.09049
8.76405
2.68877
3.64774
0.0371428
0.102587
2.11801
1.05493
2.27949
0.52221
3.90245
7.36182
1.46294
0.236666
3.00566
0.959623
0.780463
2.2633
0.411344
0.0617433
0.0395893
0.921216
0.487458
2.30276
1.27391
1.08326
2.35466
3.10801
0.1781
1.41733
0.804839
0.25999
0.0660797
2.50423
0.467145
0.0481756
2.37161
