1.1719
0.911489
0.993295
0.538743
0.811067
0.565357
0.853306
1.14488
1.02866
0.928829
1.03211
0.962783
0.932607
1.06068
0.831323
1.07268
0.729711
0.736226
0.831557
1.23551
0.862818
1.01561
0.984949
1.07392
1.1612
1.09673
0.99129
0.981107
1.19473
0.854447
0.985276
0.992687
0.884189
1.0425
0.944225
0.985275
0.801631
1.07415
1.08941
1.26472
1.04229
0.684365
0.901737
0.895114
1.26204
1.09949
0.997707
0.979603
1.21154
0.995601
1.00025
0.90122
0.671978
1.05166
0.919232
1.15493
0.868986
0.842639
1.20763
0.996737
1.02645
1.18992
0.769272
0.740486
1.10273
0.955004
1.05052
0.870317
1.30443
1.0407
1.0482
0.892177
1.14982
0.655979
0.940327
0.970794
0.979065
0.931617
0.937851
0.590089
0.862809
0.900694
0.959701
0.942717
1.04891
0.832716
0.91152
1.12741
1.09863
0.766385
1.09452
1.06502
0.892287
0.81794
1.00638
0.932667
0.976397
0.838674
0.98332
0.876626
0.880271
0.955092
1.0262
0.878463
0.897353
0.859355
1.04651
1.06505
1.1782
0.848116
0.850135
0.627759
0.781534
0.811254
0.946994
0.850042
0.937953
0.84067
0.985816
0.912513
0.971526
0.876343
0.955941
0.883678
0.932376
0.874103
1.1348
0.781474
0.999755
0.786939
0.796126
0.992901
0.723387
1.00662
0.928212
0.874547
1.12066
0.91649
0.979151
0.996295
0.968677
0.98974
1.09075
1.04805
0.572776
1.06053
1.05023
1.30263
0.945827
0.879811
1.00615
1.04907
0.906853
0.948692
0.998339
1.03121
0.892409
1.20436
0.92284
0.837041
0.860061
0.986187
0.717341
0.927057
1.04261
1.11567
1.04705
1.06764
0.879862
0.704422
0.88941
1.0575
0.913624
0.89313
0.88811
0.961184
0.824546
1.17759
0.847384
0.978967
0.884694
0.985167
0.922323
1.00553
0.860614
1.08749
1.20578
0.993223
0.817721
1.21165
0.93635
0.810859
0.967537
0.741895
1.0153
1.12134
1.02477
0.961487
1.01353
0.944275
1.06873
1.0197
1.24905
0.876487
1.02657
0.997717
0.883335
1.05021
0.967695
0.785436
0.707405
1.0997
1.02412
1.03027
0.939931
0.997648
0.930023
0.886673
0.765175
0.716007
0.871464
0.851872
0.817116
0.953187
0.874843
0.919032
0.813461
1.0087
0.975091
1.15869
0.842667
0.912748
1.00283
0.728496
1.2076
0.945143
1.00254
0.990361
1.16511
0.761311
0.825874
0.893334
0.707209
1.09651
0.933203
0.980441
1.01246
1.09146
0.922766
0.932799
0.960154
1.06957
1.20128
0.753465
0.933325
0.615641
0.927416
1.00217
1.06071
0.974576
0.786417
0.932251
0.91784
1.10576
1.071
0.845277
0.996042
0.890375
0.88297
0.8175
1.15389
0.932332
1.14565
0.833797
0.753753
0.959945
0.714327
0.932978
0.956475
0.941353
0.8476
0.787962
1.05506
0.795169
0.71384
0.847917
0.834187
0.810116
1.08606
0.889629
1.21361
1.10529
0.88966
1.0317
1.08586
1.04425
1.03922
0.75528
1.13343
1.20674
0.802449
1.24016
1.04082
0.831107
1.04613
0.724517
0.965248
0.990193
1.03325
0.97683
0.608146
0.87876
1.01683
0.987528
0.889414
0.912399
0.960423
0.964834
1.0422
1.04943
1.08155
1.00098
0.707444
1.06113
0.783321
0.930475
1.06676
0.912583
1.13604
0.905505
1.17012
0.957009
0.967772
0.758164
0.999627
0.806531
1.01341
0.98202
0.81526
0.928062
0.732189
0.844502
0.736345
0.987103
1.09231
0.683801
0.863611
1.0657
0.908893
0.900615
1.04701
1.16009
1.05897
0.794009
0.717737
0.678655
1.06516
1.08682
0.972109
0.812723
1.04143
0.912142
0.821651
0.904356
0.788487
0.882676
1.00423
0.986295
1.04441
0.899114
1.01436
1.0994
0.972802
0.966759
1.02567
0.992505
0.966424
0.933566
0.837212
0.83981
1.08856
0.873917
1.00453
0.95703
1.11088
0.915832
0.991798
0.736883
1.10547
1.12388
1.12748
0.938862
1.02701
0.731936
0.865949
1.10521
1.05856
1.06191
0.966374
1.05704
0.961991
0.834689
0.689269
0.980386
0.935443
0.801852
0.822554
0.829685
0.888346
0.882692
0.842575
1.08688
0.895182
0.877544
1.17863
0.949025
1.07297
1.14626
0.874622
0.855752
0.958086
0.782251
0.9188
1.11687
0.979007
0.867791
0.784511
0.818174
1.03396
0.943128
1.11145
0.824455
0.926811
0.981164
0.777961
1.09904
0.752184
0.851447
0.813603
0.840282
1.01894
0.876472
0.897004
0.710002
1.00161
1.11351
1.16631
0.87842
0.935065
0.934393
0.850278
0.864914
0.873922
0.974331
0.903029
0.82773
1.05603
0.669619
0.931578
0.687902
0.881846
0.871232
1.21154
0.87572
0.800797
0.851964
1.03238
0.656228
1.02984
1.02194
1.1452
1.11397
0.945475
0.932819
0.973239
0.748467
0.898096
0.935326
0.741499
1.04025
0.938691
1.15202
1.28033
0.89754
0.98863
0.952615
0.998444
0.837163
0.808197
0.821584
0.898033
1.10854
0.97159
0.913613
0.861127
0.948991
0.805543
0.863851
0.764127
0.877575
0.997931
0.936863
0.888259
0.885917
0.9449
0.913552
0.902915
0.822398
0.825643
1.02696
1.03262
0.918885
1.0647
0.824301
1.0064
1.04002
0.977621
1.16514
0.674977
1.23651
0.807401
0.885967
0.827275
0.867558
0.925739
1.05649
1.24812
0.923842
1.03049
0.958567
0.786551
1.11468
0.963753
1.18134
0.962639
0.869774
1.22953
0.896005
0.642177
0.926615
0.910784
1.07893
0.996428
0.731174
0.857198
1.13435
0.672301
0.973914
1.04255
1.05217
0.880953
0.902408
0.99284
0.813233
1.03172
1.05981
1.14073
1.0964
0.907477
0.96377
1.04397
0.882397
0.884719
1.01007
1.03878
0.878425
0.885808
0.984881
0.848809
0.948227
0.866766
0.820049
0.766951
1.0568
0.94542
0.990502
1.17699
0.91287
1.03646
1.0416
0.997322
0.836289
0.939394
1.06363
0.996769
0.961958
1.00571
1.01537
0.947431
0.992455
0.886478
1.08916
0.965836
0.956897
0.847059
0.931268
0.964021
0.713377
0.949136
1.1494
0.814689
0.704602
0.854614
1.10808
0.96533
0.659591
1.08936
0.856839
0.845805
1.06056
1.3326
0.957836
0.937342
1.0696
0.811411
0.836215
1.16417
0.806053
0.905459
0.908575
1.0324
0.824219
0.861075
0.988076
1.02178
0.871606
1.06518
0.92747
0.923662
1.06979
0.899024
1.19307
0.982215
0.962134
1.09518
0.890074
0.912717
0.990757
1.13814
1.00281
0.800725
0.83529
1.02972
1.0841
1.03848
0.810163
0.886958
1.02567
1.1423
0.999651
1.14771
0.937346
1.15475
0.808127
1.19172
0.907436
1.22576
1.23657
0.99093
0.712088
0.85954
1.00139
1.02247
0.902323
0.620323
0.899745
1.12653
0.906033
0.896977
0.980066
0.911861
0.842476
0.618735
0.852604
0.827659
0.790661
0.882016
1.21313
1.00254
0.884432
0.740942
1.03734
1.02415
0.971326
0.85362
1.23469
0.929795
1.15506
0.799245
1.06192
0.787814
0.823174
0.907402
0.867803
0.971899
1.15586
1.04445
0.777639
0.805235
0.787864
1.21991
0.686906
0.889488
0.780534
0.785613
0.881678
0.978587
0.863446
0.740941
0.733725
0.984751
1.18741
0.81794
0.800807
1.08993
1.0275
0.97981
1.06919
1.22046
0.83865
1.22909
0.905086
0.837271
0.689087
1.05881
0.726323
0.814312
1.09546
0.793767
0.877215
0.881778
0.772843
1.02993
1.03202
1.02403
1.04858
0.99844
0.836967
0.826968
0.953264
1.21386
0.888756
1.12701
0.814564
0.639058
0.845587
0.772615
1.28734
0.918857
0.946239
0.642639
0.967405
0.89109
0.892436
1.07204
0.930591
0.693508
0.721766
0.813489
0.93484
1.17609
0.741154
0.651806
0.689585
0.756327
1.08905
0.978877
0.917014
0.756857
0.912443
0.818655
0.854712
1.09413
0.866024
0.968256
0.846339
0.899239
1.01218
1.09658
0.827899
0.928017
1.10445
1.05682
0.877474
0.990242
0.895733
0.879301
0.894731
0.802658
1.08025
0.641242
0.907108
0.818483
0.984465
0.992676
1.12423
0.913095
0.906967
0.910238
0.934372
0.999483
1.00134
0.959849
0.676676
0.966959
1.0153
0.918824
1.17176
0.909823
1.06449
0.748123
0.900898
0.894777
0.789575
0.859262
1.11584
0.9808
0.931451
1.21827
1.16499
0.969557
0.957485
0.854172
1.22815
0.770997
0.966585
1.11352
1.1239
1.02497
1.08501
0.712101
0.889811
0.970478
1.04323
0.988865
1.03358
0.884594
1.30284
0.970074
1.05447
0.878458
1.23523
0.952543
1.26345
1.14943
0.820299
0.965968
0.929765
1.03177
0.885632
1.23278
0.604782
0.903973
0.832236
1.19368
1.08575
1.09606
1.16343
1.02133
0.923167
0.866865
0.96347
1.11877
0.733434
0.865322
1.13214
0.825368
0.799797
0.784053
0.666412
0.820897
0.927109
0.868238
0.733267
0.880349
0.888956
1.04367
1.10158
1.01412
0.942184
0.916324
0.718132
0.874486
0.989274
0.96852
0.960888
1.0767
0.981958
0.966724
0.947592
0.818259
0.686882
0.95755
0.86097
1.09728
1.14057
1.15078
0.94745
0.866226
1.27066
0.735282
1.11443
0.972771
1.09427
1.00732
0.908686
1.04259
0.970703
1.01554
0.954802
0.863232
1.00959
0.890987
0.77176
1.16879
0.910807
0.781547
0.978132
0.792333
0.986629
1.15323
0.838496
1.01478
1.06897
0.810614
0.885587
0.927029
1.21202
1.01966
0.734759
0.947267
0.881363
0.927609
1.31919
0.986919
0.879427
0.797963
0.958673
1.01335
1.38078
0.887218
1.04598
0.872867
0.874844
0.916376
0.889592
0.898494
1.16122
1.00607
0.749739
1.07973
0.751776
1.15593
0.925417
1.10707
0.932532
0.54524
0.942607
0.987392
0.78605
0.890059
0.906128
1.17451
0.968718
1.04019
1.02542
0.856811
1.06637
0.779715
0.890326
0.781742
0.929694
0.724501
0.962696
0.898814
1.18089
0.903805
0.700425
0.777701
1.11238
1.11396
1.02989
1.03737
1.08728
1.08655
1.1673
0.988025
0.854587
0.856225
0.916921
0.974227
1.04699
0.917934
0.872203
0.890498
0.860757
1.11692
0.85466
0.945539
0.967767
0.899276
1.08063
0.913342
1.04489
0.717446
1.07224
1.16608
1.00243
1.21275
0.849963
0.758458
0.825205
0.858589
0.873445
0.659261
0.631078
0.943915
1.33587
0.982616
0.973822
0.897734
1.02561
0.738173
1.06649
0.948979
1.17692
1.06446
0.817781
0.991419
1.07781
0.721533
1.0877
0.940193
0.903016
0.863319
0.837717
0.818073
0.755377
1.08248
0.880545
0.918057
0.859029
0.860634
0.8828
0.742132
1.22964
0.682199
1.00385
0.834846
0.951696
0.925091
1.13004
0.994537
1.31361
0.984166
0.845325
0.964214
0.820317
1.18877
0.831073
1.03142
0.835543
0.804349
0.866951
0.907679
0.823876
0.683049
0.924699
1.00244
0.936567
0.926879
0.946185
0.978904
1.02753
0.883944
1.00159
1.18828
0.811804
0.992592
1.14914
0.781327
0.928817
1.35422
0.920139
0.909641
0.950221
0.809734
1.26783
1.04747
0.917864
0.934996
1.16798
0.977046
1.11109
0.90351
1.23534
1.10692
1.20805
1.03489
0.755579
0.859899
0.717477
0.919977
1.08264
1.19592
1.11945
1.10063
0.881317
1.22091
0.836365
1.03183
1.04693
0.779143
1.01703
1.08797
0.633436
1.03755
0.86209
0.871535
1.02501
0.970472
0.813667
0.952457
1.0795
1.14388
0.902952
1.04826
0.972504
0.950558
1.23156
0.850854
1.00551
0.890241
0.94039
1.24276
0.88482
0.774205
1.15661
1.08354
0.839519
1.01804
1.18755
1.21507
0.793708
1.00238
0.897581
0.978439
0.938641
1.01517
1.00231
0.987664
0.955446
0.95834
1.00814
0.878832
1.08416
0.970453
0.732479
1.06286
0.899382
0.834735
0.773613
0.972883
0.751665
0.862228
1.12579
1.08198
0.982622
1.091
1.09188
0.93647
0.82967
0.942777
1.10285
0.937901
1.07679
0.977404
0.755402
1.04696
0.76428
1.1138
1.09098
1.25611
1.19706
0.947894
0.901288
1.07131
0.913764
1.20931
0.948544
1.05806
1.03682
1.04383
1.0154
0.699874
1.03933
1.01322
0.880213
1.13697
1.01325
1.12531
0.933476
0.955291
0.913197
1.14847
0.998043
0.731724
0.979087
1.12629
0.845731
1.02284
0.895276
1.00924
0.982258
1.09317
0.887754
0.990873
0.937711
1.06304
0.82607
0.853871
0.961125
0.941257
0.727693
1.11462
0.949072
1.01355
0.919301
0.990975
0.770809
0.873805
0.912681
1.13962
0.978257
0.822546
1.16347
1.01785
0.841025
0.879311
0.991255
0.894774
1.08313
0.973942
1.0628
0.819818
0.867076
0.815692
0.952787
0.920228
0.820357
1.19209
1.04535
0.942369
0.800668
0.876136
0.790487
0.885469
1.04995
1.01242
0.966069
1.05789
1.13249
0.864712
0.951792
0.708145
0.811481
0.70538
1.14563
0.803008
0.929303
1.00088
0.880134
1.03678
1.05488
1.2987
0.850621
1.10052
1.03853
0.843646
0.826662
0.728531
1.06132
0.964173
0.720843
1.08321
0.980958
0.910839
1.10057
0.878809
1.0206
0.957754
1.04324
0.883174
1.00021
1.09596
0.910943
1.14698
0.936654
0.88877
0.818734
1.26537
1.14229
0.835161
0.797428
1.00548
1.12893
0.834819
0.944332
1.01457
0.834802
1.12705
0.825958
0.96814
1.01725
1.24384
1.00554
0.92385
0.894644
0.909224
0.763087
0.917425
1.01613
1.00705
1.16333
0.613646
0.965963
0.904509
1.11079
0.939628
0.773449
1.09377
0.934818
1.11442
0.782593
0.939078
1.10682
0.86877
1.15545
0.880962
0.779034
1.00126
1.00977
1.12151
0.863784
1.00797
1.00982
1.09862
0.986396
1.15367
0.734212
1.03424
0.806166
1.06021
1.05247
0.783255
0.934545
0.927927
1.04326
1.04809
0.494563
1.2486
0.742573
0.86116
0.944109
0.750272
0.754832
0.89657
0.840577
0.975411
0.924666
0.988854
0.916263
0.888244
1.04034
1.08465
0.765254
1.07166
1.18691
0.809972
0.81803
0.906388
0.994245
0.776392
1.01165
0.837561
1.16711
0.759315
0.828872
1.1683
0.793361
0.995709
0.806002
1.02206
0.710876
1.01546
0.881128
0.939459
1.08805
1.00377
1.27142
1.12438
1.15579
0.823018
1.0062
0.82655
1.01018
0.940638
0.930632
0.874718
0.948889
0.948059
1.20014
0.820449
1.01493
0.99398
0.993609
0.943491
0.827881
0.978322
0.995024
0.974018
1.05766
0.794684
0.835929
0.555456
1.06442
1.15917
1.03656
0.845662
0.953624
1.01542
0.945034
0.904972
1.0765
0.785962
0.932944
1.25986
1.32913
0.863532
0.939574
1.13573
1.03491
0.656091
0.988404
0.916876
0.682218
0.889155
0.991547
1.0175
0.914568
0.938971
0.973422
1.06113
0.733582
0.840795
0.95121
0.937674
0.929915
0.758599
1.03609
1.18614
1.11619
0.987021
0.663919
0.742604
0.923432
1.04713
0.62363
1.16363
1.10643
0.850095
1.03044
0.821372
0.968815
1.1273
0.825251
0.927861
1.19428
1.02993
1.00671
0.69088
1.18073
1.03725
0.894818
0.917245
1.05679
0.957274
1.03576
0.826012
0.898904
1.02105
1.17477
1.10303
1.0866
1.11201
0.828558
1.0188
0.9809
1.23732
1.01763
0.71638
0.920485
1.00187
1.16954
0.989953
1.07066
0.862379
1.17743
0.829715
0.907426
1.00534
0.779
1.0944
0.87152
0.962072
0.923479
0.971745
0.833687
0.974957
0.96338
0.956398
0.767773
0.923882
0.946781
0.866291
0.791399
1.15192
0.951489
1.03304
0.902452
0.962946
1.02722
1.04296
0.898668
0.966556
0.857624
0.881712
1.24132
1.02419
1.14094
1.1148
0.97286
0.987261
1.04274
0.973797
1.2611
1.13933
0.668249
1.01258
0.821208
0.929755
0.881401
0.965265
0.787242
1.1164
0.82002
0.987715
0.633121
0.861761
0.664239
1.00413
0.945067
0.776614
0.972131
0.973902
0.976455
0.940259
0.979931
0.627448
1.05344
0.815733
0.982942
0.96764
1.00419
0.857824
0.695874
0.586794
0.840595
0.866984
0.864784
1.05681
0.849744
1.16797
0.903266
0.724893
1.16323
1.18316
0.936263
1.03021
0.947168
0.929063
0.934543
0.816505
1.22381
1.00596
0.713669
0.830752
0.944689
0.718955
1.19029
1.01684
0.888304
0.917938
1.08462
0.936224
0.998616
1.00732
0.974553
1.08665
1.15351
0.688061
1.19897
0.902719
0.826734
0.734447
0.872213
1.1375
0.949971
0.802785
0.950917
1.12484
0.963482
0.992148
1.16565
0.816476
1.23152
0.887578
1.07488
0.8562
0.974847
0.973627
0.795008
0.740533
0.971673
0.9739
0.902759
0.969976
0.973111
1.06666
0.84134
0.963739
1.16109
1.15326
1.04951
0.955836
0.832131
0.949998
1.29169
0.971886
1.09087
0.852691
0.776111
0.883023
0.825872
0.996478
0.945107
1.23584
0.956465
0.845788
1.11464
0.827751
0.953828
1.01446
0.828564
0.751885
0.905162
0.814112
0.739522
1.28597
1.01528
0.862438
0.967648
0.986184
1.03844
0.885296
0.827401
1.01415
1.01877
1.04192
1.12474
0.800495
0.794259
1.07473
0.78556
0.959281
1.03032
0.817612
0.719863
0.81834
0.878777
1.01911
0.799862
0.97379
0.947562
0.870748
1.05378
1.18782
0.935746
0.789333
0.887882
1.04146
0.961946
1.0647
1.14584
1.21452
1.06078
0.782773
0.991529
0.977226
0.885511
0.980981
1.09315
0.911149
0.933152
0.768514
1.1773
0.956254
1.22191
1.04858
1.09277
0.83588
1.00604
0.661268
0.592134
0.935997
1.19319
1.08605
1.10298
1.06317
1.02505
0.86918
0.811053
0.861643
1.03193
0.86003
1.09945
0.948118
0.875317
1.00047
1.05819
0.909286
0.827575
0.885818
1.20816
0.897779
0.902467
0.893298
1.12153
0.786488
0.961605
0.947149
0.921928
1.02798
1.24407
0.828272
0.702184
0.707662
1.07908
1.00794
1.12552
0.911329
1.01491
0.925274
0.912229
0.991873
1.21512
1.09539
0.917272
0.952174
1.1565
0.732343
0.915208
1.0469
0.935924
0.809355
0.962402
1.09383
1.11167
0.992557
1.01133
1.17102
0.916653
0.851695
0.802805
0.819901
1.03718
1.0237
0.84565
1.11826
0.787872
0.854832
0.731905
0.999395
0.761252
1.01156
1.08057
1.01354
0.997236
1.03332
0.884129
0.876595
0.756342
0.912378
0.865281
0.887049
0.784005
1.16608
0.821943
0.879842
0.964219
0.965072
0.984737
1.1303
0.931192
0.882519
1.13777
0.974255
1.07545
1.04603
0.858506
0.75057
0.896305
0.769311
1.02516
0.693292
0.923986
1.14751
0.979525
0.970762
0.837746
0.923777
1.0358
0.991317
0.998907
0.866248
0.959588
0.883778
1.09236
0.830404
0.800394
0.982192
0.879991
0.793457
0.831421
1.11385
1.13652
0.873888
0.665611
0.859784
0.978728
1.07862
0.891897
0.956429
1.16652
0.783313
0.935587
0.868042
0.984839
0.831178
0.832837
0.803829
0.994826
1.35622
0.940644
0.863576
1.17386
0.938618
0.917675
0.972707
0.992748
0.737148
0.893921
0.722943
1.07412
0.999578
1.01465
0.68859
0.983918
0.921873
1.00277
1.1138
1.04953
0.904646
0.761982
0.962765
1.08898
0.864458
0.972936
0.815237
1.08954
0.864802
0.795536
0.942122
0.747939
0.889069
1.00785
1.15943
0.923946
0.852587
1.13084
0.924536
0.961191
0.827027
0.923248
0.899996
0.848644
0.825384
1.26459
0.864332
0.867187
0.68702
0.652336
0.96543
0.82226
0.98901
0.89595
0.849849
1.01006
0.849433
0.942887
0.938794
0.995112
0.913643
1.02103
0.889866
0.958842
0.99581
1.11787
1.17495
0.791755
1.05991
0.938815
1.05844
1.2254
0.860395
0.760202
1.09098
0.706157
0.943501
1.05528
0.941602
0.862365
0.800648
0.922372
1.11074
1.07921
0.915507
0.891187
1.04526
1.03655
0.914528
1.05757
0.881705
0.871275
1.1484
0.87512
0.914539
1.05306
1.1117
1.02847
0.929061
1.04738
0.915781
0.82199
0.909446
1.04516
0.852232
1.09473
0.94158
0.588128
1.21071
1.08534
0.993446
1.24072
0.830937
0.983636
0.835699
0.901785
0.825716
0.784848
1.03175
1.03469
1.13769
0.95007
0.993537
0.912141
1.02903
0.979748
0.993808
1.09251
0.757136
0.711568
1.0973
0.876328
1.15064
0.814204
1.07904
0.892128
0.830035
1.14351
1.10901
0.91584
1.04684
1.24379
0.95926
0.864739
1.16433
0.991196
1.01471
0.841131
1.06613
0.943748
0.865228
0.959341
0.928408
0.930051
1.16067
1.04387
0.893957
0.594933
1.10715
0.989973
0.727381
0.9503
0.909452
0.951942
0.846253
0.963192
0.797278
1.11724
0.896318
0.94116
0.856142
1.13244
0.952841
0.928042
0.86785
1.10643
0.91345
0.812218
0.901686
1.06455
1.01035
0.959639
0.848784
1.12376
0.915029
1.03466
0.736147
0.818282
0.920277
0.928727
0.858828
0.955922
1.143
0.815056
1.1888
0.848266
1.11405
0.89431
0.793306
1.14899
0.971134
0.93153
0.891355
0.90649
0.691826
0.912323
0.753657
1.14441
1.00707
0.86081
1.10069
0.874533
0.893042
0.944335
1.27864
0.610245
0.887881
0.943954
0.770516
1.02558
1.05197
1.00847
1.05505
0.99439
0.74125
0.929855
1.15745
0.995802
1.01357
0.890731
0.864435
1.1454
0.591657
0.808666
0.785049
1.00438
0.99343
0.993264
1.01096
0.742425
0.899233
1.02217
0.920056
0.935557
0.82728
0.801617
1.20756
1.06328
1.03873
1.04784
1.13688
0.995154
1.1521
0.935508
1.02406
1.11386
0.808636
0.727754
1.04543
0.683234
1.18796
0.714987
1.01139
1.14972
1.02851
0.93767
0.971869
0.924155
1.03365
0.932673
1.24359
0.894895
0.876695
0.884787
0.755279
0.706842
1.12111
0.811404
0.924923
0.920351
0.745384
1.15344
1.01796
1.09072
0.832455
0.740096
0.8896
0.94089
0.826556
1.39035
0.693169
0.908134
0.869943
0.87952
0.832166
0.792959
0.933184
0.864571
0.777082
0.827356
0.881968
0.968193
0.873693
1.24308
0.976994
1.03265
0.828881
0.5633
0.967887
0.777886
0.937324
0.891803
0.936758
0.883791
1.06687
1.07199
0.835618
0.948398
0.844662
0.978904
0.800994
0.875477
0.815889
0.785329
0.920405
0.877815
0.776453
0.752778
1.12163
1.07891
0.817703
0.914092
0.977195
0.979604
0.969814
0.904998
1.11346
0.959916
0.987256
0.706982
1.11234
0.939783
1.22839
0.865852
1.08157
0.780489
1.10846
0.756801
0.866399
0.978802
0.949705
0.903168
0.565971
0.852955
0.821317
0.712371
0.867064
0.987717
1.06572
0.880931
0.773658
0.838133
0.827429
1.05235
0.83866
1.02742
1.0133
0.699575
0.792282
0.891824
0.982884
0.748365
0.941005
0.895692
0.990852
0.724279
0.833364
0.825474
0.969828
1.08953
0.895808
0.836895
1.03283
0.752259
1.01533
1.28862
0.866381
0.896057
0.969567
0.853454
0.859601
0.891418
0.705316
1.0009
0.741307
1.01855
0.882361
1.03373
0.80962
1.03187
0.78749
1.09429
1.14065
1.04552
0.800964
1.10226
0.934655
0.849236
1.0311
0.892597
1.05486
0.806761
1.35643
0.967032
0.777336
1.00996
0.874135
1.14007
0.984585
0.935914
0.973103
1.0805
0.776773
1.0071
0.97365
1.06136
0.970008
1.06995
0.935387
0.823453
0.925603
1.10231
1.16452
1.30938
1.08084
1.022
1.17902
1.16803
1.01145
0.992387
0.764493
1.15553
1.13206
0.792492
1.17312
0.85615
0.79405
0.94167
1.07944
0.665788
0.851692
0.745842
0.932283
1.06892
0.900629
0.800548
1.09445
1.10859
0.914897
0.986642
0.983203
1.02352
0.895572
0.648234
0.984372
1.07012
0.838251
0.731557
1.08405
1.05204
1.00389
0.879283
0.851411
0.757871
0.873557
1.02542
0.996633
0.920484
1.00104
0.978937
0.907824
0.944982
0.799142
1.03278
1.03084
0.793849
1.16042
0.898359
0.933619
0.857348
1.06535
1.16341
1.07878
1.1078
1.09516
1.16061
0.73028
0.8032
1.14357
0.816785
1.23011
1.14913
0.725691
1.09463
1.06649
0.763085
1.17031
0.872919
1.17228
1.0456
0.912145
0.930494
0.710834
0.759174
0.940154
1.00721
0.978333
0.980642
0.92277
0.90089
1.08778
0.911481
0.834949
0.963224
1.1699
1.03277
0.901729
0.856218
0.764501
1.1308
0.980579
0.933767
1.06378
1.0805
0.950714
0.674635
0.652682
0.909655
0.912634
0.868035
1.06223
0.676688
1.11338
0.930825
0.994221
0.866879
0.865204
1.00137
0.788224
1.06396
1.01162
1.07439
0.952811
1.04383
0.973084
0.920116
0.94714
0.981496
1.19527
0.655468
0.854343
1.04522
0.76653
0.716258
0.766954
0.9547
0.985551
1.02995
1.10624
1.09926
0.927792
1.0157
0.953385
1.14418
0.883293
0.849187
0.970397
0.956355
1.05029
1.1811
1.02773
0.94593
0.796875
0.703147
0.816865
1.06549
1.16707
1.02077
0.930637
0.94943
0.876109
1.14232
0.994294
0.959447
1.03252
1.11689
1.07124
0.838581
0.951206
0.754396
0.916765
1.01895
0.956532
1.12896
0.855219
1.17585
0.942216
1.29182
0.887385
1.1219
0.938089
0.761377
1.0436
1.04181
1.14594
0.938364
0.994423
1.09897
0.975418
0.949299
0.8792
1.11515
1.00476
0.984212
0.844083
1.04407
0.917248
1.11505
0.890146
1.02252
1.0464
0.932307
0.992673
1.0931
1.04863
0.862248
0.782645
1.01706
0.821638
0.854298
0.832408
0.858825
0.966835
0.80845
0.949081
0.727017
1.04975
0.877149
0.777799
0.797287
1.02005
0.639453
0.863539
0.869412
0.989258
0.968331
0.84523
0.840524
0.834975
0.869326
0.8707
0.878416
1.22132
0.883169
1.00973
0.975196
0.763723
0.809181
1.11849
1.04897
0.878199
1.0412
0.928426
1.06491
0.929269
1.02067
0.696568
1.03763
0.840373
1.16773
0.916375
0.797142
0.836452
1.05781
0.900913
0.972219
0.85934
0.784409
0.877096
1.03949
1.08614
0.986185
0.800082
1.05835
1.1437
0.859465
0.946935
1.06222
0.828183
0.945144
0.765352
0.731958
1.01859
0.763286
0.962852
0.945774
1.05818
1.13916
0.914774
0.983166
0.843258
0.872933
1.16976
1.31119
0.706941
0.85783
0.984317
1.00233
0.783317
0.979259
0.846101
0.892029
1.06841
0.817854
0.798728
1.03453
0.893402
1.03596
1.1255
0.880143
0.889732
0.84897
1.15089
0.899026
0.900989
0.927775
1.12731
1.22306
0.804752
1.06857
0.898689
1.0569
0.884874
0.813212
0.915303
0.78294
0.988486
1.20962
0.938395
0.902804
0.900738
0.920154
1.08608
0.903068
0.914723
1.24621
0.900243
0.766909
0.833207
0.932821
0.975865
0.935513
0.976435
1.01725
0.825691
1.03937
0.833855
1.18234
0.796643
1.04428
0.766326
0.901906
1.1473
0.822707
0.776659
0.864012
1.13128
1.27025
0.924822
1.06544
0.903593
0.899536
1.02264
1.05309
0.941512
0.910459
0.855629
0.851656
1.25939
0.891107
1.01277
1.18562
0.924276
0.970578
0.90555
0.958498
1.01985
0.759846
0.977396
0.669585
0.996087
1.06801
0.872421
0.886422
1.04539
0.986804
1.09441
0.980961
1.05651
0.959586
0.996355
1.00383
0.85622
0.831301
0.923971
0.713446
0.690634
0.914946
1.24379
0.821966
0.994296
0.884639
0.869316
0.865097
0.991385
0.769859
0.963505
0.948325
1.24527
1.01002
0.981823
1.10469
0.858305
0.999003
1.048
1.11631
0.825613
0.943678
0.802393
0.869918
1.07461
1.02254
0.740891
0.966287
0.972178
0.921957
1.09501
1.18976
1.12974
1.05899
1.18
0.992088
0.917943
1.28256
1.02221
0.990671
0.96908
0.897595
0.692571
0.910983
0.728869
1.11865
1.05875
1.19058
0.886565
0.873297
0.768814
0.773331
0.724072
1.02501
1.04935
1.0259
0.955768
0.834324
1.03962
0.967731
0.856536
0.885667
1.01162
1.10218
0.82854
0.712402
0.788767
1.10696
1.03379
0.627165
0.927097
0.936225
0.99973
1.08504
1.07231
0.953695
1.04793
1.1854
0.808795
0.768761
0.975212
1.12802
0.798073
0.997643
0.95949
0.959642
0.913313
1.02389
0.823288
1.13504
0.655534
0.976626
1.1442
0.895021
0.743348
1.13549
0.766181
1.08794
1.093
0.909948
0.909363
1.00892
1.08823
1.00071
0.938428
0.970562
0.830622
0.788903
0.981056
1.16485
1.16556
0.916621
1.04115
0.817804
0.893958
1.01382
0.763156
1.04763
0.933911
0.676287
1.15544
0.899461
1.01679
0.910937
0.944373
0.878742
0.828298
1.04506
1.17855
0.757346
0.852566
0.891491
1.01381
0.917589
0.803647
0.919847
1.10839
0.835763
0.682633
1.05831
0.965982
0.869899
0.921402
0.881592
0.922083
0.662363
0.925662
0.990778
0.782659
0.93958
1.02787
0.854458
1.09573
0.850429
0.943117
1.01917
0.866558
0.863259
1.08428
0.785274
1.15166
1.04163
0.89147
0.973121
0.8557
1.02991
1.07164
1.11363
0.839898
0.904609
1.06532
0.910478
0.796501
1.06502
1.06205
1.25342
0.864428
0.911155
1.11634
0.857749
0.843565
1.03419
1.01267
0.931869
0.912081
1.1
0.910133
0.875958
0.973036
0.926467
0.90964
1.04726
1.13123
1.28443
1.04208
0.974695
1.02071
1.02701
0.868433
1.00745
0.988188
0.80492
0.862145
1.19135
0.742195
1.09869
0.894077
0.962733
0.843122
0.744895
0.979478
0.802159
1.15999
1.08763
0.983744
1.0614
0.8507
0.942581
0.885638
0.785685
1.18256
0.8041
0.814451
0.765218
0.728935
0.970766
0.9423
1.11269
0.941437
1.1654
1.1861
1.15572
0.880976
0.987693
1.0808
0.8847
0.792855
0.859943
0.965124
1.03925
0.896237
1.06691
0.934635
1.18957
0.825946
1.08159
0.864165
1.18664
0.806573
0.933121
1.03727
1.02065
1.10132
0.847706
1.12766
0.742476
0.832798
0.993355
1.0765
1.09261
0.904219
0.954189
1.08183
1.01999
0.951508
0.908291
1.07922
0.89477
1.12051
1.08972
1.20332
1.04856
1.11635
1.04699
0.922693
1
0.835917
1.11836
0.774652
0.96615
0.859882
0.937997
0.689197
0.916933
0.826897
0.906327
0.878542
0.800874
0.78199
0.972723
0.834095
1.13395
0.897707
0.780018
1.30746
0.976143
0.990515
1.05569
1.05125
0.829098
1.01185
0.880144
0.993245
1.08596
0.910546
0.862774
1.22251
0.666793
1.04763
0.937077
1.13332
0.909755
0.686754
0.758966
0.796301
1.0964
0.948005
0.857803
0.824395
0.897498
0.609203
0.879308
1.05319
0.706347
1.09104
0.758467
0.849707
0.787661
0.788634
0.6906
0.703878
0.834646
1.01967
0.836061
1.27106
0.9662
0.953091
1.11779
1.01411
1.10853
1.06152
0.931339
0.935263
0.842039
0.935431
0.945919
0.906907
0.884989
0.920326
0.511377
0.886483
0.93416
0.87372
0.850912
0.742568
1.07262
0.956048
0.89407
1.06052
0.853819
0.814647
1.00916
0.75209
0.806989
0.913197
1.01726
0.853161
1.00248
0.923457
0.627891
1.06357
0.970828
1.04234
0.9498
0.794631
0.941729
1.01715
0.944951
0.94275
1.02864
0.9929
0.897993
0.818002
1.04829
1.13923
1.09298
0.866119
0.884056
1.08641
0.764542
1.06039
0.871299
1.20007
0.893973
1.12817
0.950978
1.14981
1.03164
0.883838
1.03889
0.845952
0.70331
0.917862
1.09706
1.08491
1.00431
0.983637
1.12551
0.730227
0.913929
0.794944
0.938982
0.829912
0.881987
1.12125
0.951197
1.16961
0.851525
0.921525
0.892286
0.967023
1.11604
0.75896
0.940662
0.873082
1.00254
0.984943
0.900349
0.773741
0.87546
1.091
0.900561
1.09834
0.733769
1.16588
0.805908
0.788145
1.22776
1.07686
1.04325
1.11305
1.04032
0.975792
0.963843
1.18872
0.885258
1.03419
0.730019
1.20026
1.04478
0.848438
0.80362
1.21396
1.04382
0.886011
1.03942
0.872614
0.884692
0.837641
1.00872
0.924034
1.03952
0.918346
0.845839
1.00216
1.10283
0.85714
1.10497
1.04567
0.935976
0.898809
0.912061
0.931621
0.815704
0.932694
1.0866
1.16954
0.850991
0.97156
0.983839
0.740962
1.03911
0.86314
1.04655
1.09851
1.06135
0.789676
0.736226
0.841612
0.962346
0.567636
0.984006
0.906335
0.986966
0.925539
1.05969
1.08504
1.30328
0.748337
1.13381
1.11161
0.935697
0.917188
1.08125
1.17671
0.702248
0.879304
0.895821
0.830059
0.589938
0.874061
0.718318
1.059
1.12258
1.14188
0.965506
0.987122
0.869604
0.772042
0.933925
1.04355
0.928297
1.02018
0.887298
0.774249
0.815092
0.828904
0.960818
0.985006
0.823374
0.746646
1.22296
0.645965
1.1646
1.20341
1.0664
0.659791
0.760217
0.960298
0.904992
0.882456
1.15228
0.781514
0.97052
0.690078
0.934237
1.03968
0.917306
1.09709
1.01378
1.11336
0.684077
0.728637
1.05629
1.02684
0.905629
1.06703
0.949177
0.93221
1.33276
0.999461
0.895318
1.26725
0.83787
0.881711
1.01631
0.9773
1.14165
0.861365
0.936772
1.04021
0.765833
0.813802
1.05396
0.940429
0.981152
0.976202
1.06586
0.877593
1.09107
0.955373
0.958307
0.853859
0.8382
0.762159
0.824259
1.09469
0.753836
1.11958
1.07198
0.889816
0.88549
0.792319
1.19984
0.742449
1.01723
0.703067
0.907428
1.06697
0.653345
0.995724
0.967363
0.76582
0.948337
1.08497
0.873084
1.08298
0.8507
1.01527
1.15112
1.14776
0.926413
0.904807
0.96181
0.853335
0.977026
1.27789
1.10017
1.03273
0.919996
0.841059
0.930414
0.990587
0.977884
1.14899
0.945643
0.815282
1.05415
0.821787
0.823511
1.04716
0.936906
0.946912
0.939816
0.978501
0.712538
0.6786
0.890844
1.11945
1.10345
0.826753
0.759974
1.12311
0.84549
0.955136
0.843719
0.92428
1.00133
0.66436
1.05016
0.68945
0.875873
0.634946
0.907847
1.22044
0.787751
1.04094
1.29714
0.867687
1.0375
1.0543
0.811245
0.760809
0.99968
0.800792
0.82139
0.984201
0.722808
0.829266
1.03484
0.695517
1.04169
0.821451
0.754154
1.09956
0.917665
0.963386
1.11262
1.14936
0.826989
1.07958
0.857912
0.972093
1.01278
0.802109
0.969554
0.889321
1.14997
1.05494
1.04468
1.19504
0.951873
0.91378
1.14885
0.776558
0.837574
0.837294
0.644535
1.02586
0.725694
1.1375
0.929588
1.01276
0.934539
1.00441
0.734415
1.06911
0.90609
0.722204
0.789444
0.836995
1.11856
0.953788
0.877349
0.89346
0.993224
0.826647
0.846551
1.01865
0.658392
0.998667
0.736548
0.938681
0.610895
0.928448
0.910465
0.906798
0.914777
0.933769
1.0524
0.958894
0.928642
0.90616
1.08673
1.10355
1.17347
1.11787
0.959669
0.992094
0.996642
0.790071
0.891469
1.05076
0.866091
0.896764
1.00699
0.925402
0.821539
1.05474
1.13609
0.963606
1.13349
1.08644
0.956175
0.586848
0.711366
0.885319
0.962651
0.776457
1.00343
1.21083
0.893243
0.822513
1.14761
0.946238
0.889973
0.821582
0.691453
1.34525
0.960739
0.96649
1.01675
1.09353
0.957276
1.04528
0.838435
1.0565
0.603804
1.06501
1.06913
1.02171
0.94261
0.742165
0.983795
1.04146
0.836947
0.974279
1.13511
0.994987
1.20069
0.820149
0.875592
1.02531
1.30882
1.12641
0.998989
1.15181
0.854757
0.951394
0.747903
0.899027
0.715125
0.990914
0.901957
0.845671
1.07469
1.05499
0.926868
0.941866
0.881283
0.949554
0.746571
1.21079
1.07004
0.764701
0.999657
1.20277
1.34799
1.02344
0.933213
0.905057
0.82295
0.856637
0.767747
1.05238
1.23434
1.01966
1.1413
0.817677
1.16986
0.954562
0.854093
0.685166
0.708956
0.830788
0.853784
0.903181
0.728709
0.936243
1.12463
0.910226
1.07769
0.977214
0.885112
1.13932
0.974459
1.02882
1.12776
0.912618
0.875202
1.06973
1.04762
0.991829
1.12847
0.738184
0.903863
0.973307
0.881503
1.16768
0.694555
1.02906
1.00182
0.974632
0.829177
1.20799
0.978981
0.968963
0.823704
0.961658
0.772108
0.968267
0.951883
0.981157
0.858524
1.00493
0.797026
0.749271
0.819084
1.24402
0.811583
0.959594
1.07506
0.628897
0.832336
1.22032
0.867764
0.906658
0.908068
0.919694
0.953399
0.968382
1.06007
0.686879
0.89784
1.16772
0.894499
0.916265
1.15033
1.26205
0.767215
1.14177
0.775625
0.941733
1.12314
1.08425
0.919832
0.839811
0.762512
0.677678
0.858703
1.00982
0.956887
0.735893
0.916117
0.869491
0.877012
0.891818
0.860404
1.03718
0.902934
0.833649
0.950604
0.8846
1.08043
1.00967
0.861276
0.659715
1.0417
0.837009
0.628967
1.24327
1.057
0.807742
0.836123
0.902625
0.959734
0.972459
0.96943
1.0564
1.03926
1.16001
0.890416
0.842888
1.01927
1.02856
0.809577
0.767365
0.730499
0.987304
0.802598
1.0889
0.972943
1.10055
1.13095
0.781507
0.821541
0.724774
0.856428
0.820973
0.570324
0.821973
0.865214
0.829503
0.990271
1.08902
0.734626
0.967421
1.05885
0.834355
0.959766
0.850308
0.884105
1.16191
0.843198
0.980825
0.841921
1.05225
0.883478
0.856144
0.972482
0.73643
0.815909
1.0526
0.822472
0.862379
0.998377
1.06051
0.880538
0.735835
0.981667
1.14297
0.674002
0.897514
0.839743
1.16942
1.17197
1.02207
0.857621
0.91536
1.14598
0.963742
0.922582
0.760833
0.911236
0.870863
1.25568
0.959587
0.901654
0.867223
0.96719
0.964353
0.983977
1.01089
1.06213
1.30617
0.994384
1.01712
0.976028
1.22041
0.79434
1.02404
0.790737
1.12883
0.837453
1.01221
0.810398
0.885514
0.718339
1.00611
0.922711
1.02106
0.988557
0.984977
1.11079
0.973589
1.06094
0.868398
1.12233
0.930541
0.758644
1.16901
0.925031
0.692654
0.927797
1.06093
0.958199
0.964
0.88111
1.0531
0.856223
1.15216
0.999706
0.770268
0.950483
1.12844
0.96226
1.2773
1.04779
0.993298
1.04919
0.993986
1.07293
0.893441
0.910011
0.866287
0.91403
0.961343
0.759996
0.807844
0.864283
0.996775
1.10225
0.882726
0.889756
0.731716
1.09731
1.24036
1.17267
1.10162
0.925943
0.988347
0.849463
1.01248
0.90183
0.841986
0.825791
0.995141
0.994672
1.15537
0.725995
0.989805
0.93683
0.973721
0.70584
1.29714
1.10185
0.865352
0.843653
1.06257
1.09846
0.92692
0.79031
0.759408
1.15141
1.00156
0.825433
0.948703
1.03419
0.761778
0.9739
0.965569
0.800114
0.924069
0.817599
0.889138
0.922787
0.893413
0.939297
0.924999
0.832327
1.10907
1.03371
0.900731
0.994773
0.876536
1.067
0.922041
0.886429
0.783374
1.02591
0.874445
1.10186
1.14783
0.896814
0.824321
1.04154
1.01721
0.91974
0.943535
1.0342
0.800485
1.02914
0.977912
1.02149
0.844238
0.956238
0.913197
0.781786
0.974235
0.940862
1.08842
0.981731
0.861303
0.970212
0.926051
1.00351
1.05364
0.938423
0.859796
0.984419
0.916973
1.05294
0.820454
0.815027
1.28678
0.681215
0.889363
1.11352
1.06981
0.684309
1.00343
0.990835
0.784495
0.896789
0.821781
0.985337
0.858365
0.839887
0.841803
0.830132
0.980174
0.853306
1.18885
0.951138
0.847916
1.02778
0.851182
0.842899
0.848458
0.957034
1.0042
0.967661
1.15473
1.10398
0.865057
1.15449
0.789975
1.09568
0.93968
1.2012
0.855215
1.10228
0.824595
1.06744
1.0095
1.10353
0.793926
1.01534
0.641366
0.944763
0.883998
1.02179
0.84743
1.19353
1.01904
1.12018
0.855001
1.02059
1.03424
0.868576
0.937038
0.820365
0.848138
1.08316
1.02731
0.732572
0.711834
0.993137
0.753284
0.931508
1.10813
0.978063
1.35646
0.856454
0.974268
0.982811
0.762417
0.865309
0.943075
1.07182
0.933106
0.836952
0.792257
0.923612
0.772927
0.935528
1.08576
1.03336
0.855674
0.938113
0.917835
0.932122
0.848981
0.959662
0.839121
0.969559
0.726884
0.987627
1.05816
1.24942
0.978726
0.760487
1.16475
0.98497
0.770471
0.755004
1.01592
1.10846
1.00061
0.572041
0.876827
1.0798
1.0375
0.925392
1.03344
0.996775
0.89098
0.827867
1.00243
1.02347
0.975958
0.751158
0.933652
1.00031
0.796091
1.01739
1.11484
0.95395
0.759151
0.917019
1.0076
0.83646
0.813744
1.06947
0.865312
1.13403
0.809674
0.954035
0.817664
0.78791
1.03132
0.882885
0.835892
0.738014
0.935635
0.890305
0.906568
0.740927
0.689245
0.726629
1.11505
1.06708
0.96695
0.924517
0.959676
0.670063
0.95644
0.906167
0.901288
0.877404
1.10747
0.941037
1.00571
1.10395
1.00891
0.979752
0.910605
0.962821
0.979521
0.715543
0.888934
0.856814
0.911074
0.953515
0.873172
0.777245
0.850795
0.865275
0.674133
0.978167
0.731268
0.977156
1.04926
0.907728
0.863813
0.879539
1.18424
0.896921
0.930526
1.03756
0.891868
1.03919
1.00067
1.18943
1.14257
1.13978
1.03096
0.743865
0.841664
1.02979
0.959857
1.03198
1.0762
1.03222
0.935327
0.979569
0.867555
0.774983
1.00708
0.89879
0.771521
0.940233
0.819086
1.05611
0.987739
0.970195
0.855472
0.872978
1.09175
1.21889
1.13919
1.12029
0.972798
0.915565
0.866881
0.906188
1.10341
1.05377
0.929219
0.662144
0.971938
0.889589
0.831247
0.939457
0.720093
0.941558
0.881996
1.0323
0.887264
1.01732
0.908124
1.05748
1.18393
1.06832
0.681077
0.83458
0.902441
0.891458
1.04664
1.06912
1.03539
0.883915
0.631403
1.0711
1.13816
0.829493
0.730396
1.04145
0.944166
1.09243
0.779019
1.03285
1.19588
0.981189
0.954406
0.90013
1.05029
0.954909
0.856257
1.04291
1.1651
0.869781
1.13204
0.819135
0.939933
0.99593
0.76279
0.594683
1.04792
0.926996
0.9545
0.923276
0.798108
0.636507
0.948826
0.929281
0.921262
0.914899
0.922537
0.949518
1.02422
1.16539
0.804897
0.757771
0.88254
0.644424
0.845397
0.889369
0.866625
1.06615
0.926129
0.884377
0.972826
1.12841
0.928193
0.879934
1.09789
1.09352
0.95641
0.72846
0.867574
0.912911
1.15954
1.08245
0.913893
0.899494
1.04362
0.942616
0.756685
0.956502
0.944578
1.00842
1.04999
1.04258
0.893698
1.14707
1.08223
1.00978
0.937272
1.06046
1.02809
1.04302
1.16108
1.20308
0.821844
0.708764
0.79752
1.11684
1.18527
0.704899
0.903383
1.10348
1.28196
0.654874
1.02331
1.14154
0.956757
1.16493
1.03319
0.9872
1.03212
0.876274
0.914533
1.00509
0.772478
0.945172
1.0323
1.00651
1.12868
1.00123
0.790004
1.02332
0.955756
0.882054
1.07511
1.05804
1.13526
1.03624
1.0199
0.68386
1.04171
0.944144
0.732788
0.913691
0.87044
0.771327
0.789063
1.05628
1.01528
1.17342
0.980719
1.1813
1.12175
0.850554
1.15898
1.01253
1.07359
0.872383
0.960301
1.27991
0.975434
1.17138
0.921042
0.967852
0.924049
0.855469
0.959196
0.917071
1.158
1.04796
0.848514
0.966141
0.944286
1.02102
0.53392
1.22499
0.85737
0.783965
0.823568
1.08703
1.07677
1.13079
1.02276
0.974335
0.704075
0.983433
1.03115
1.03877
0.825416
1.19645
0.99619
1.15547
0.800914
0.937158
1.07431
0.93123
0.927187
1.03931
1.04218
1.25585
1.09896
0.940248
1.21428
1.09541
0.95329
0.747569
0.974781
1.02476
0.933627
0.957559
0.943341
1.03061
0.95867
0.942968
0.992953
0.714813
0.950258
1.08567
1.06577
0.799456
1.13415
0.918714
0.731201
1.01637
0.916171
0.944245
0.879388
0.697223
0.918858
0.787663
0.737629
0.995973
1.09223
0.996067
0.803613
0.745553
1.03797
1.09523
1.03433
1.06158
0.965585
1.04781
0.962795
1.01176
1.07083
0.799038
1.06834
1.03139
0.902257
1.22014
0.77463
1.01037
0.960894
1.1252
1.10588
0.775566
0.729255
0.791738
1.17114
0.866757
1.07049
0.719486
1.01207
1.00654
0.82321
0.84223
0.8909
1.01712
1.13626
0.690668
1.00322
0.969326
0.977361
0.90713
1.10481
1.04722
0.954017
0.822227
1.01768
0.890538
1.03588
1.14282
1.14859
0.969244
1.07389
0.77546
1.11363
0.663703
0.937694
0.871013
1.18032
1.23179
0.988411
1.1151
0.859275
1.09187
0.925228
0.955422
0.792996
0.935541
0.588039
0.887517
0.76084
0.821649
1.03881
0.90806
1.12134
1.0272
0.663814
0.863455
0.866601
1.11121
0.642793
0.931411
0.882966
1.19502
1.08844
0.925303
1.16026
1.07775
0.807539
1.15502
0.876165
1.01752
0.980788
0.929806
1.0484
0.767589
0.941024
0.952554
0.829694
0.801769
1.01864
1.1661
0.686371
0.926999
0.981871
0.859323
0.765938
0.922842
1.07722
0.962922
0.818607
0.846567
1.11937
0.815639
0.914924
1.06552
0.796367
0.921111
0.814999
1.00331
0.996216
0.709363
1.03787
0.751251
0.895495
0.98522
1.09333
1.10377
1.10516
0.858432
0.961994
0.729858
0.895117
0.901279
0.983465
0.804759
1.23377
0.862705
0.968823
0.997435
1.00301
1.22281
0.967012
1.0104
1.10955
0.990873
0.990633
1.11876
0.816543
1.13763
0.725926
0.93107
1.06381
1.00329
1.09928
0.960667
0.774734
1.01256
0.945733
0.79497
0.744509
1.0395
0.81321
0.860055
0.681818
0.943411
1.04066
0.836979
1.02781
0.934188
1.03063
0.86211
0.862547
0.946044
1.00123
1.06594
0.911202
0.971607
0.947861
1.09898
0.903496
1.109
1.12979
0.87067
0.936254
1.03039
1.09452
0.890282
0.749855
0.906409
0.964783
0.89671
1.09584
0.913508
1.16925
0.825386
0.887193
0.965626
0.811607
0.875709
0.900163
0.886842
1.21691
0.784609
0.853814
1.0647
0.903912
1.02018
1.25283
0.965889
0.757033
0.799038
0.711765
1.07007
0.948806
0.975385
0.951002
0.73551
0.837344
0.966286
1.05552
0.832953
0.891764
1.09923
0.94948
0.938736
0.874581
0.768204
1.01305
0.964561
0.96582
0.973944
0.877777
1.01765
1.03101
0.871671
0.750599
0.895735
1.11786
0.936569
0.968846
0.747803
1.00279
1.04296
0.734953
0.960566
0.957271
0.746389
0.610335
1.01401
1.01924
1.00641
0.990322
1.13952
1.03341
1.08516
1.00532
0.892444
1.13159
1.05038
1.06421
1.13026
0.944235
0.810734
1.19564
0.873559
0.968186
0.88958
1.0478
1.02489
0.995388
1.04011
0.799461
1.12269
0.911647
1.11364
0.957189
0.776492
1.13854
0.719058
1.03816
0.950452
1.03577
1.12601
0.975023
0.873493
0.979898
0.873232
1.0585
1.05173
1.18506
0.973032
0.921522
0.918815
0.985132
0.858293
0.892279
1.05545
1.09021
0.888297
1.15714
0.97884
0.773292
0.839174
0.799896
1.14227
0.834708
0.825665
0.925143
0.917147
0.731579
0.949581
1.02921
1.09321
0.899595
0.941632
1.00574
1.04858
0.855188
1.13232
0.887606
0.855897
0.928072
0.885152
0.929707
0.847463
1.05263
1.10431
1.09269
0.732002
0.737084
0.88377
0.979603
1.05209
0.971096
0.920899
0.831407
0.84644
0.895815
0.679007
0.947626
1.23231
0.976588
1.0678
0.925846
0.961331
1.03515
1.2146
0.907744
1.13329
0.683267
1.11652
0.952956
1.18155
0.707022
0.80243
1.01166
0.959648
0.971725
0.983164
0.977963
0.720312
0.763959
0.963416
1.12945
0.958441
0.921573
0.866632
0.818567
0.841522
0.663887
1.03637
0.69881
0.889826
0.684171
1.11181
0.936054
0.846129
0.943794
1.11579
1.14959
0.943991
1.16784
1.10508
1.09416
0.967825
0.862949
0.902542
1.10212
0.747373
0.817669
1.07044
1.08779
0.941142
0.85178
0.788806
0.922351
1.1794
0.903958
1.05547
0.959032
0.938259
1.19115
1.02933
1.1189
0.967345
0.773076
0.862755
0.826354
1.10664
0.755983
0.897197
0.890831
0.898705
1.08505
1.02623
1.10973
0.723321
0.908523
0.859793
0.936856
1.01557
0.883287
1.21599
1.06391
0.672073
0.804397
0.988983
1.04146
1.08592
0.895351
1.12714
0.785088
0.918698
0.81025
1.25557
1.01688
0.962479
0.904162
0.9358
0.868986
1.09274
1.34332
0.924856
1.12788
1.02623
0.778177
0.78968
0.856171
0.7611
0.910587
0.968652
0.851208
1.04447
1.03657
0.88481
1.04252
0.939235
0.801035
0.761544
0.903554
0.879989
1.13865
1.10936
0.687695
1.1202
0.863971
1.15938
0.707658
0.894835
0.926241
1.05379
0.816074
0.737645
0.897115
1.0732
1.17242
1.0403
0.901681
0.839381
0.961019
1.06607
1.14114
1.0005
1.07318
0.56655
1.07619
0.832016
0.769698
1.04759
1.26908
0.852919
0.86232
0.989047
0.903348
0.770919
0.933397
0.997836
1.00228
1.00419
1.05179
0.724492
0.946728
0.830082
0.848588
0.888065
0.918085
0.739648
0.946575
0.905076
1.01559
0.932854
1.26572
0.973009
0.68535
0.892817
1.26775
1.11156
0.772505
0.791695
1.17945
0.848225
0.77256
1.01278
1.10067
0.808582
1.03867
1.18256
0.901695
1.12584
1.18956
0.804013
0.732769
1.1478
1.04325
0.974934
1.04044
0.954703
1.04057
1.14014
0.946176
0.920393
0.865282
0.902394
1.02131
0.936003
0.973759
1.01289
0.946306
0.91922
0.930554
0.994814
0.913032
0.984929
0.912929
1.13039
0.776405
0.871787
0.928841
0.964271
1.1324
0.932233
0.872149
0.997762
0.89075
1.05187
1.28108
0.872879
1.06928
0.976527
0.862174
1.04092
0.934876
0.727536
1.04475
0.856851
0.868238
1.03423
0.979619
0.919536
0.986856
0.736335
0.956698
0.840916
0.789304
0.82096
0.758571
0.803356
1.17461
1.00327
0.656791
0.813615
0.928758
0.835101
1.08511
0.827982
1.12977
0.84399
1.12691
1.12885
0.783817
0.996608
1.02192
1.0384
0.871319
1.13755
0.931593
0.926179
1.10169
0.850475
0.964069
0.947994
1.01755
0.938175
0.850469
0.971823
0.793134
0.864286
0.88277
0.966956
0.958495
1.12329
1.32422
0.985936
0.993444
1.07736
0.886555
0.90131
0.997169
0.969101
0.883271
0.960898
0.779428
0.907257
0.648423
0.889446
0.936729
0.866338
0.838054
1.17357
1.04217
1.27116
0.920437
0.747399
0.907406
0.777872
1.00333
0.914134
0.775278
0.832445
0.978963
0.756494
0.977123
0.966135
0.924115
0.916712
1.23879
1.10879
0.763145
1.00551
0.986997
0.705443
0.996683
0.889891
0.83563
0.930712
1.03508
1.08036
1.00283
0.873611
1.45844
1.14608
1.20491
1.23107
0.836436
0.999535
0.856618
1.29071
0.965067
0.831806
0.935437
0.979604
0.916331
1.05651
0.766235
1.25914
1.13653
1.00622
1.03233
0.831302
1.013
0.987859
1.01215
0.791582
0.719765
0.828992
1.01787
0.981192
0.875143
1.03152
1.09605
0.89822
0.845762
0.948329
0.846415
1.07332
0.959889
0.835852
0.876152
0.740108
0.853962
1.06626
0.841141
0.983745
1.00932
1.18582
1.07243
0.892519
1.0257
0.996252
0.841361
0.808616
0.844072
1.18941
0.92983
1.00888
0.901868
0.957594
0.955832
0.90066
1.09386
0.985105
1.08665
0.792286
0.757104
0.932525
1.10995
1.02119
0.931778
0.9498
0.816114
0.947184
0.893347
0.806159
0.909262
0.979939
1.06283
0.793566
0.902597
0.799136
1.11184
0.966526
0.73447
0.857675
1.16084
0.923905
1.15764
0.772537
0.986019
0.944015
0.89329
0.904841
0.907175
0.868492
1.07373
1.05957
0.925563
1.12376
1.12869
0.76123
0.765197
0.874122
0.908283
0.85575
0.909259
0.890676
0.855808
0.83316
0.680475
0.934704
0.690235
1.01381
0.960061
0.675405
1.02472
0.631988
0.732529
0.825912
1.17178
0.734298
1.03717
1.12942
0.665898
1.13268
1.05402
0.907672
0.812429
0.668121
0.665078
0.765891
1.1216
1.26397
0.933139
1.15685
1.05188
0.919024
1.02962
0.868528
0.863209
0.937165
1.14119
1.02048
1.29126
0.987292
0.823445
0.990715
0.898651
0.869666
0.965629
1.17265
1.09227
1.16733
1.07934
0.988642
1.04369
1.15862
0.825854
0.843982
1.19914
0.904689
0.792967
0.852061
0.811018
0.902831
0.904874
1.26577
0.921131
1.04308
0.75135
0.825418
1.06664
0.986545
0.975268
1.19118
0.843723
0.985033
1.00652
0.912579
0.905284
1.00663
1.1445
0.812163
0.909379
1.12105
1.06876
0.916303
0.966261
0.900687
0.871022
1.16498
1.11166
0.953991
0.975169
0.977639
1.01507
0.885061
0.866638
1.16679
0.795101
0.746092
0.909569
1.18752
0.86565
0.956559
0.949008
1.05083
0.837656
0.993696
0.874302
0.882953
1.13705
1.08227
0.949606
1.02237
0.829939
0.729286
0.727801
1.04681
0.780063
0.969559
0.897993
1.08186
0.908397
1.18365
1.14427
1.02703
1.27722
1.17887
0.92624
1.12559
1.18662
0.828173
1.26938
1.16029
0.866453
0.781632
0.975503
0.957923
1.24864
1.08762
0.923142
1.20783
1.13762
0.927647
1.05007
0.933572
0.862808
1.01754
0.810321
0.88806
0.979542
0.938002
0.892051
1.11569
0.812375
0.800183
0.928128
1.05876
0.931137
1.02175
0.814758
1.24213
0.823179
0.946015
1.24522
1.18244
1.10403
1.01052
1.06135
0.983963
0.986323
0.829968
1.24788
0.750838
0.759211
0.767655
1.02038
0.875021
0.761908
1.05162
1.03601
0.861584
0.855867
0.86256
1.03767
0.803124
1.07366
1.01471
0.749401
0.934114
1.07691
0.977029
0.8292
0.850751
0.880681
0.839134
1.25725
0.747689
0.982555
1.05202
0.662882
0.664195
0.960525
1.08594
0.878447
1.02515
1.00471
0.854672
0.89529
0.890748
1.02708
0.810032
0.996231
0.853176
0.920067
1.09479
1.1018
0.958373
0.871154
1.0392
1.0147
1.06697
0.950097
0.886372
0.918098
0.82624
1.09308
1.06242
0.950417
1.21241
1.27618
0.83154
0.613675
0.884994
1.12573
0.991201
0.744119
0.809009
1.01494
0.813527
0.992324
1.21788
1.04526
0.790048
0.919014
1.22536
0.740607
0.901188
0.894468
0.891907
0.699401
1.17176
0.931951
1.09873
0.93352
0.941435
1.14014
0.91823
1.07448
1.18303
0.849482
0.840651
1.01577
1.10732
1.11812
0.843514
1.03857
0.942705
0.837185
1.04661
0.878156
1.03006
0.798707
0.603424
1.05556
0.915236
1.03414
0.885894
1.03451
0.899211
1.12538
0.67803
0.793415
0.900467
1.02741
0.978933
0.801121
1.14762
0.904881
1.00401
1.0177
0.887919
0.898242
0.915835
0.98899
0.852374
0.960673
1.03054
0.93094
0.93252
1.0104
1.01035
0.962912
1.14647
1.01826
1.02975
0.808018
0.896681
1.03796
1.12965
0.813944
1.00041
1.1082
0.881898
0.961544
0.905574
0.848362
0.867188
0.882388
1.20029
1.2009
1.26611
1.11705
0.881484
0.851788
1.05482
1.1833
1.03974
0.774929
0.877076
0.905933
0.963897
0.892346
0.980652
0.913851
0.823919
0.862321
0.919629
1.05881
1.13576
0.958
1.02611
0.893331
0.932413
0.962356
0.817353
0.857814
0.615183
0.848747
1.00272
1.01471
1.02725
0.982709
1.0255
1.11484
0.892384
1.15992
0.836057
0.769812
0.924277
0.904386
1.14775
0.79777
1.01025
0.950875
0.840696
0.85511
1.03394
1.00303
0.960288
0.943228
0.837986
1.06795
0.75159
0.833186
1.04314
0.905118
0.679087
1.14386
1.0587
0.904664
1.23674
0.762578
0.999585
1.06677
1.02242
0.842192
1.04251
0.920121
0.809628
0.689254
1.03323
1.141
1.11726
0.967863
0.903497
1.07984
0.82111
0.991365
0.90515
0.874852
1.00813
0.851982
1.08909
0.827489
0.881297
1.06174
0.959222
1.06979
1.00524
1.15245
1.06874
0.817551
0.938274
1.19243
0.93571
1.04742
1.06687
0.795431
0.975495
0.778049
0.559989
1.29388
0.898084
0.841862
0.942087
1.11183
1.00557
1.15751
0.902048
0.860566
1.06468
0.775887
1.00987
1.10096
0.839233
0.928784
1.0205
0.830344
1.09116
0.866986
1.19342
0.819938
0.979802
0.855104
0.989921
0.856992
0.994928
0.94199
1.02073
0.979669
0.885779
0.841116
0.842493
0.959769
1.20865
0.891797
0.857663
0.981626
1.06921
1.07389
1.12962
1.00164
0.862501
0.819714
1.09444
1.0055
0.802304
1.16208
0.974084
1.18575
1.17884
1.20057
1.10402
0.868805
1.17286
1.13939
1.05104
0.853754
1.20017
1.24509
1.18876
0.815232
1.13926
1.13106
0.810459
0.81956
0.872768
1.09966
0.961232
0.846688
0.716255
0.966116
1.05227
0.825744
0.916533
0.928141
1.25301
0.982643
0.844948
1.05219
0.742898
1.15466
1.03566
0.835535
1.10164
0.774089
0.875905
0.87184
1.05966
1.06117
1.06448
0.738942
0.856992
0.973553
0.854252
0.824837
0.783857
0.842643
1.21395
1.02697
1.05496
0.934177
0.99703
0.882057
1.03641
0.852939
0.847236
1.01175
1.23689
1.00626
0.970607
0.951633
1.24779
0.99628
0.932553
0.778153
0.907606
0.860032
1.02507
0.973271
0.879691
1.03006
1.11995
0.701525
1.09886
0.996233
1.07573
1.07497
1.06657
0.953679
1.09105
1.08581
0.819457
0.70436
0.854052
0.94076
0.968338
0.99146
0.928949
0.899318
1.1339
0.651521
1.25678
0.71661
1.02552
1.09071
1.05612
1.05032
1.02396
0.890773
0.937156
0.861852
0.987299
0.929279
1.25926
1.16351
0.995138
0.91841
1.00538
0.76024
0.828902
0.828849
0.776472
1.10781
0.93158
0.846924
0.943858
0.755808
1.00991
0.74075
0.9598
1.06318
1.03796
1.08419
0.989248
1.05644
0.908438
1.03274
0.877628
1.07324
1.00834
0.932635
0.869005
1.02472
1.1043
0.870859
1.02162
0.997826
0.92974
0.853984
0.892969
0.777148
0.963446
0.825952
1.05447
0.719546
0.783064
0.910298
1.01795
0.970022
0.961321
0.927035
0.780604
1.1119
0.928538
1.18458
1.02998
0.868575
1.03104
0.943504
0.931094
0.994445
0.883416
0.778845
0.918022
0.940298
0.784782
0.895543
0.996046
1.10896
1.06227
1.03875
0.819903
1.13802
1.02413
0.921673
1.00714
0.895133
0.675338
0.972222
1.03576
1.08948
0.635461
0.829531
1.00408
1.25595
1.18024
1.22215
0.930423
0.90958
1.00657
1.04636
0.933188
0.74399
0.936106
1.08325
0.957503
1.08436
1.03317
1.09085
1.0335
0.793673
0.658136
0.985827
1.00159
0.712338
1.04189
0.70456
0.867652
1.12452
1.02875
0.829302
0.824017
0.803546
0.819868
0.853389
0.932974
0.940951
0.989891
0.976273
0.797853
1.16624
1.19349
0.927301
0.825071
0.823341
0.819287
1.03225
0.663527
1.09313
0.891894
0.785791
0.838308
1.16448
1.09302
0.828359
1.03702
1.11672
0.763763
0.7048
0.915145
0.884334
0.647693
0.804344
0.969021
0.890015
0.867245
1.02572
0.906414
0.84066
1.00215
1.0868
0.759796
1.03833
0.731559
0.816216
0.967489
0.906898
1.01379
0.934891
0.783436
0.899244
0.778642
0.919112
0.915767
0.782686
1.06455
0.874568
1.02877
0.679379
1.16859
0.895911
0.894128
1.18661
0.945779
0.904321
0.989464
0.848347
0.830307
1.04611
0.813178
1.17747
0.943849
1.20559
0.757496
1.05536
1.21051
1.13924
1.24074
0.62889
1.05622
0.995651
0.985032
0.859153
0.91825
1.06803
0.986142
0.840871
1.07021
0.921922
1.10506
0.981957
0.921963
0.964508
0.849235
0.693884
1.06385
1.13045
0.893912
1.0671
0.997455
0.986277
0.878762
1.04443
0.920661
0.950567
0.871158
1.01029
0.935836
0.859963
0.984233
1.09648
1.13763
1.10203
0.712772
0.971223
0.807762
0.820687
0.954161
1.09367
0.906996
0.974844
0.890133
0.848197
1.11274
0.964624
0.970034
0.819298
1.07869
1.04742
0.705435
0.849273
0.815693
0.795802
0.894246
0.811816
0.841354
1.00371
0.686416
1.16281
0.996787
0.925469
1.04432
1.09818
1.13015
1.03073
0.881589
0.845616
1.05935
0.985011
1.33564
1.00299
0.85451
1.01447
0.966536
0.741501
1.0374
0.963306
0.707289
1.13035
0.831413
0.606228
0.99112
0.903373
1.04279
1.05411
0.943525
0.824791
0.945422
0.940785
0.928392
0.765549
0.88073
0.900443
0.86257
0.951277
0.942961
1.10226
1.22432
0.961199
1.02684
0.721104
1.26411
0.745598
0.971694
1.00415
1.19927
0.70307
1.21667
0.987872
1.02098
0.904963
1.12175
0.980568
0.948935
0.983257
0.928562
0.971382
0.993771
0.848253
0.908562
0.992346
0.70497
0.99835
0.955625
1.07884
1.09541
0.905813
1.06586
0.734902
0.874713
0.809823
0.981629
0.923088
0.959187
1.09417
0.96539
1.08277
1.1223
0.918657
0.69688
0.778971
0.695546
0.836532
0.895386
0.83326
0.820416
0.911895
0.892724
0.994528
0.825218
0.800435
1.0771
1.06146
0.92154
0.904592
0.815742
1.10535
0.847302
0.925596
0.905708
0.907678
0.858646
0.988745
0.855245
1.09859
1.10148
0.77838
0.965288
0.867775
0.911121
0.952439
0.933344
0.944208
1.2145
1.12135
0.915487
0.98575
0.731729
1.02516
0.76303
0.952635
0.976053
0.74939
0.941359
1.06442
1.03801
0.837453
0.967977
1.12099
1.07426
1.00662
0.974055
1.04977
1.04326
0.810612
0.784102
1.12846
1.08508
0.958076
1.21939
0.720764
0.803526
1.08206
1.12282
0.842873
0.827858
0.951249
1.00772
1.05523
1.18322
0.689626
1.06745
0.831376
0.765227
0.830749
1.06426
0.860512
1.01756
0.979208
0.789416
1.04578
0.990279
0.871181
0.950565
0.88265
0.853354
0.84706
1.04215
1.01204
0.945807
0.931868
0.995812
0.936915
0.966817
0.849223
0.922939
0.855045
1.01731
0.973708
0.890737
0.8403
0.87514
0.913793
1.06017
0.987824
1.10591
0.882846
1.09682
0.995959
0.956017
1.13553
0.924654
0.658959
0.897448
1.06947
0.861177
1.09746
0.854261
1.07392
1.29402
0.87184
0.736712
0.907813
1.06453
0.943241
0.772319
1.06992
0.775704
0.887176
1.18312
0.776487
1.09093
0.912503
0.907845
1.04971
0.943745
0.909934
1.2172
0.808545
0.969053
1.00948
0.753605
1.17325
1.27868
0.923883
0.732596
1.0111
0.657874
1.11601
0.91168
1.08054
1.03103
0.836789
0.851158
0.891796
1.01784
1.00125
0.914185
1.08506
0.961263
0.858412
0.746281
0.948622
1.113
1.04373
1.0624
1.17221
1.05391
1.10092
1.21428
1.11909
0.904375
1.13503
0.952989
1.10398
0.688192
1.10877
0.973095
0.824121
0.997943
1.30297
0.904184
0.804954
0.918114
1.03344
0.944828
0.846
0.920056
1.20675
0.727639
0.753235
0.836447
0.954039
0.973064
1.2172
0.779368
0.970582
1.14947
0.990243
0.834251
1.00166
1.03644
1.06298
1.15064
1.06309
0.837177
0.900847
1.00121
1.08251
1.12686
0.95792
0.970926
0.843216
1.04618
0.81778
0.876139
0.928725
0.77095
0.77938
0.805023
0.833165
1.0524
0.939502
0.856954
0.704012
0.942308
0.814837
0.806816
0.858539
1.13616
0.930602
1.2397
0.935053
0.792916
0.792863
0.846042
1.04568
0.898542
0.85647
0.809593
1.00808
0.785153
0.798198
0.856018
0.897882
0.905015
1.21462
1.27883
0.765586
0.991799
0.956177
1.01902
0.987801
1.20873
1.04245
1.02119
0.859867
1.1038
0.813033
1.14015
0.927671
0.817499
1.31857
0.867119
1.03546
0.903471
1.05621
0.985744
0.915281
0.763707
0.783861
0.967971
1.02651
1.18294
1.14949
0.993894
0.871308
0.764842
0.985185
0.848088
1.15875
0.889566
0.836662
0.954096
1.09555
0.85723
0.777925
0.769583
1.02981
1.04566
0.989113
0.753788
0.759849
0.755459
0.922795
0.851575
0.970526
1.02872
0.974961
1.01243
1.04311
1.26224
1.01231
0.943054
0.963392
1.08761
0.830927
0.787663
0.648863
0.857573
1.08214
0.937172
0.811057
1.12528
1.20659
0.897834
1.09971
0.87631
0.893766
0.768432
1.02829
0.956624
1.21456
0.984148
0.831369
1.11804
1.05065
1.00389
0.948946
1.07893
0.993635
1.00535
0.910283
1.03542
0.993416
0.81359
1.15095
1.02685
0.824272
1.00757
1.25431
0.997651
0.830676
0.873684
0.901045
0.920278
0.879972
1.18195
1.2058
0.964535
0.778259
1.1199
1.07433
0.921971
0.756924
0.97256
1.25178
1.03814
1.02228
0.965944
0.680671
0.891798
1.00823
1.05904
1.2152
0.866187
0.967888
0.953988
1.03171
0.973891
1.18552
1.07822
0.97829
1.00296
1.06292
1.02398
0.708634
0.802655
1.00481
0.960958
0.743258
1.1163
0.672086
0.950227
0.731825
1.13845
0.96483
0.777071
1.22658
1.02927
0.97073
0.974122
0.963565
1.04788
0.965692
0.901559
0.93321
0.604191
0.973886
1.11593
0.892934
0.787964
1.03657
0.971598
0.807275
1.01016
1.06776
0.913042
0.916424
0.713677
0.9627
1.09716
0.965138
1.0555
1.02923
1.03888
0.72875
1.05088
0.746243
0.982397
0.801393
0.989165
0.905729
1.01114
0.944084
0.839205
0.883503
0.694973
1.0124
0.910827
0.761235
1.04799
0.951319
1.06989
0.991447
1.08145
0.896999
1.00201
0.972329
1.03944
0.804962
0.876145
0.902615
0.911865
0.753963
1.16845
0.727492
0.988163
0.96163
1.24649
0.566671
0.904516
0.755222
0.794364
0.824746
0.981313
1.00589
0.87806
1.10774
1.17937
0.854073
0.947093
0.893923
0.974209
0.935751
1.30184
1.0073
0.87286
0.760647
1.00915
1.17913
0.885193
0.97301
0.872946
1.0805
0.84003
0.95595
0.764901
0.666311
0.680292
0.858163
0.898515
0.992118
1.16601
0.889205
1.00487
1.09656
1.20407
1.07078
1.02698
0.682992
0.672564
1.04782
0.968324
0.924551
0.756706
1.04291
1.06289
0.965848
1.1191
1.01225
1.0745
0.899034
0.893733
1.01298
0.949707
1.00486
1.0551
0.980446
0.968974
1.14515
0.931504
0.802533
0.754871
0.780725
1.12593
0.83119
1.01018
1.00297
0.852371
0.804695
0.794263
0.857942
0.726176
1.43015
1.08986
1.12371
0.660771
0.918551
0.748184
0.893226
0.747537
1.02624
0.787212
0.902
0.896485
1.08959
0.77372
0.880825
0.871277
1.07389
0.890184
0.845852
1.00798
0.934977
1.10379
0.913367
0.927988
0.929942
1.15349
0.969155
0.91657
1.00216
0.816754
0.816578
0.992463
0.909263
0.962983
0.878385
0.957539
0.84151
0.935688
1.16264
0.962925
0.791106
0.909751
1.01397
0.926483
0.882751
0.894179
0.891291
0.964276
1.30591
1.09595
0.90543
1.14949
0.981276
1.04142
1.07956
0.814785
0.950505
0.886369
1.00973
1.04222
1.18575
0.847562
1.20707
1.25295
0.953191
1.00911
0.994615
0.895463
0.757171
0.870866
1.01293
0.967066
0.827391
0.837318
1.0601
1.09623
1.06623
0.75211
1.15778
1.06566
1.06862
1.19727
0.828361
0.973553
0.818788
1.05641
1.04157
1.10424
0.671595
1.02165
0.907515
0.851471
0.804131
0.85765
0.742561
0.731425
0.913427
0.763269
0.889403
1.11682
1.0606
1.13134
0.951094
0.926392
0.806754
0.981403
0.975318
0.983733
1.07435
1.23087
0.884137
1.22004
1.0318
0.744324
0.886696
1.1127
1.10965
0.945718
0.805507
0.833592
0.989682
0.791062
0.789766
1.14897
1.07445
0.767128
1.12229
0.797512
0.793229
1.02874
0.870016
0.785662
0.865579
1.02266
0.843706
0.872773
1.081
0.787373
1.0629
1.01206
1.12706
0.957718
0.815238
1.31061
0.694291
0.78001
0.900643
0.80698
1.03061
1.14768
1.04173
0.964324
1.09076
0.828892
0.956554
1.16695
1.07245
0.886502
1.1725
0.996644
1.10775
1.31108
1.0081
0.922293
1.00444
0.797023
0.93362
1.1225
0.985019
0.872087
0.946498
0.967711
0.971564
0.832337
1.06659
1.17228
0.976388
0.753239
1.11518
0.957496
0.857817
0.99154
0.857445
0.638199
1.17599
0.881076
1.07175
1.02192
0.674899
0.845557
0.813941
0.816723
0.953627
0.922333
0.806262
0.966415
0.970187
0.926087
0.988174
0.963105
0.952973
1.30896
1.11833
1.14274
1.01754
1.10863
1.00487
1.10346
1.078
0.74163
0.676459
0.749644
0.799717
1.09831
0.964507
1.16207
0.744973
0.627931
0.900077
1.33104
1.07539
0.900617
1.06745
0.857555
0.937331
0.870687
1.08378
0.581985
0.95767
1.06779
1.0328
0.612858
1.05988
1.10411
0.800219
0.699975
0.97017
0.846755
1.02323
1.10711
1.15389
0.894474
1.02856
0.92462
0.957281
0.889638
1.1067
0.779698
0.851544
0.720385
0.887296
1.02772
0.898391
0.852308
0.67679
1.14344
1.06473
0.861903
1.01687
0.873116
1.12612
0.917296
0.977846
0.736752
0.794447
1.05092
1.16219
1.12074
0.768607
0.712859
0.722342
1.00733
0.925264
1.19764
0.951105
0.808041
0.866048
1.03668
0.985853
1.01889
1.08798
0.959945
1.04485
1.01305
1.0296
0.984282
1.32674
0.941456
0.863783
1.13971
1.15993
0.93752
0.784127
1.00102
0.992446
0.592303
0.712141
1.06301
0.933499
1.12234
1.12448
1.12102
0.912022
1.21817
1.00258
0.795762
0.893972
0.783492
1.07006
0.928658
0.759668
0.902722
1.14252
0.83953
0.866325
0.951978
1.07166
0.771098
0.996774
0.669331
0.923632
0.986395
0.956592
0.884469
1.11807
0.94075
0.866715
1.11675
0.773877
1.04845
0.854992
0.897127
0.899675
1.07681
1.16953
1.05554
0.85055
0.967411
1.01782
1.09122
1.35635
0.893341
1.06504
1.02553
1.09256
0.901525
0.918126
0.853832
0.87743
0.727454
1.04759
0.889583
1.10013
1.09092
1.08923
0.773293
0.875207
0.796753
1.0352
1.09583
1.02351
0.8771
1.18931
1.00133
1.03657
0.858652
1.13936
1.08973
0.866903
0.648409
1.16749
1.05033
1.17614
1.07405
0.868237
0.997877
0.930441
1.02798
0.903165
1.07295
0.731757
1.02605
0.955938
0.760569
1.04717
0.941074
0.967814
0.995489
0.815286
0.924379
0.729145
0.918251
0.879999
0.905873
0.888841
0.934047
1.05625
1.13462
0.796944
0.961607
0.899428
1.1882
0.889017
0.99972
0.88722
1.16835
1.21322
1.02171
0.903851
0.911017
1.0746
0.775144
1.07602
0.825451
0.870569
0.876064
0.792972
1.25314
1.09366
0.836169
0.74155
0.914858
0.926381
0.972648
1.04898
0.847752
0.88959
1.08606
0.999492
1.06851
1.00449
1.08729
1.02257
0.956945
1.18971
0.890075
1.0053
0.701895
1.09257
0.594079
0.863816
0.905677
0.932095
0.844834
1.0495
0.959114
0.9179
0.876855
0.943978
0.785757
1.01862
1.17917
1.06005
0.883204
0.94115
0.889963
0.999932
0.797807
1.19115
1.10616
1.10128
0.686626
1.02813
0.96509
0.997781
0.983902
0.80929
0.848138
0.780757
0.937413
0.809009
0.894565
0.926114
0.92567
0.906678
1.07482
1.00037
0.980419
0.897196
0.802025
0.96061
1.06877
1.0233
0.792082
0.97425
1.08408
0.90733
0.828297
0.654786
0.7627
0.989219
0.994727
1.17983
1.1926
0.874264
0.90989
1.01302
1.11294
0.79515
0.988984
0.650741
0.791964
0.920851
0.770661
0.861513
1.15918
0.954988
1.01827
0.74476
1.16391
0.924734
1.13699
0.990047
0.859481
0.922618
1.00529
0.993435
1.08403
0.972666
0.816974
0.909806
1.08637
0.952734
0.792056
0.815854
0.789193
0.833295
0.841434
0.88469
1.02376
0.610793
0.925635
0.818969
0.89765
0.882759
0.815496
0.689714
0.712234
0.785559
0.878876
0.802723
0.867656
1.12161
0.896775
1.02196
1.05797
0.835114
0.997736
1.07415
0.897132
1.16586
1.13201
0.834079
0.963023
0.743111
1.08442
0.824193
0.955942
1.13155
0.767912
0.896842
0.989643
0.823456
0.996937
1.01296
0.926496
1.12334
0.703344
1.00772
1.05272
1.04087
0.916893
1.02423
0.926904
0.995653
0.854168
0.884139
1.11383
0.89472
1.29381
1.1029
0.865443
1.05752
0.809438
0.942856
0.994665
1.03826
0.743061
0.883457
1.08861
0.838095
0.94868
0.610756
0.846028
0.702722
0.866461
1.01572
0.882315
1.20501
0.748893
0.857791
0.822103
1.04301
0.925379
0.911405
0.630506
0.791121
1.11022
1.02949
0.963156
1.10018
1.10891
0.987373
0.979406
0.84912
0.95824
1.1502
0.83048
0.865224
0.99105
0.809205
1.19205
1.00435
0.880269
1.13413
0.887751
0.72182
1.03056
0.77212
1.0579
0.879211
1.11016
0.616674
1.01804
0.964316
0.887525
0.938739
1.09029
0.818773
0.775906
0.856015
0.937146
0.986383
0.96154
0.67794
1.12606
1.19757
0.896307
0.688614
0.905477
0.85146
0.733055
0.832387
1.19686
0.940898
1.01576
0.85278
1.1252
0.746591
0.990523
1.1128
0.8471
1.18329
0.996964
0.94869
0.977598
0.971698
0.898802
1.02036
1.05439
0.725583
0.865815
1.01163
1.04634
0.741259
1.06104
0.919511
1.14739
1.01265
0.852243
0.912345
1.07109
1.01975
1.04725
0.954517
0.823105
1.08846
1.00675
0.91076
0.830456
0.858501
1.02389
1.15888
0.899207
1.06555
1.06325
1.10042
0.776091
0.803184
0.657112
0.963138
0.802652
0.637033
0.874308
1.02535
0.970819
1.033
0.688651
1.18927
0.678854
1.14821
1.08773
1.1224
0.968381
0.870051
1.0588
0.85408
1.02275
0.90272
1.089
0.848564
0.943095
0.804579
1.13135
1.13301
1.10323
1.08466
0.712129
1.11708
1.10759
0.989636
0.951639
0.81129
0.898663
0.739986
0.894767
0.965449
0.853356
0.977416
1.14961
1.18393
1.07788
0.937581
1.02907
1.03432
1.07269
0.992522
0.959579
0.793878
0.799169
0.999221
1.05658
0.826432
0.849107
0.788702
0.787326
0.649974
1.00399
0.87103
0.997855
0.938037
1.09084
1.04136
0.983868
1.07294
0.841743
0.761009
1.03535
0.596583
0.983243
1.05312
0.869196
1.08626
1.06417
1.24051
1.05893
0.822912
0.92725
1.13
0.967787
0.907407
0.851978
1.02998
0.903573
1.08658
0.883868
1.21517
0.728974
1.0067
1.00272
1.11863
1.14935
0.704365
0.882228
0.762684
0.975884
1.08948
0.912179
0.98837
0.811093
0.932097
0.999504
1.13264
0.734548
0.937809
0.694741
0.840696
0.975953
0.929806
1.00786
1.03342
1.04945
0.895515
0.931958
0.891064
1.115
0.800955
0.854418
1.04939
0.908841
0.99087
1.09367
0.942061
0.798379
0.860406
1.14473
0.915122
1.04937
1.18469
0.929794
0.912885
1.03512
0.954068
0.89734
0.863599
0.900309
0.849724
0.904583
0.829041
0.748339
0.97099
0.938358
0.740699
1.21321
0.740465
0.856247
0.976174
0.947139
1.19051
0.654471
0.995917
0.876658
0.826823
0.873716
1.09541
0.857814
0.940584
0.710495
0.982385
0.591678
0.782843
1.01271
0.718227
0.863452
0.991496
0.813766
1.21969
1.04035
0.882333
0.949457
1.07436
1.09491
1.07366
0.836059
0.673111
0.798647
1.13955
1.00248
1.10021
1.0837
0.935058
0.952101
0.952129
0.737006
0.841739
0.850079
0.793642
1.14273
0.780595
0.986427
0.994567
1.18588
1.09727
0.84734
1.1578
1.12109
0.763689
0.948205
1.07235
0.948011
0.984479
0.86969
0.867523
0.951242
0.769943
0.834589
0.68436
0.968647
0.848179
0.823652
0.991872
1.12695
1.12596
0.984429
0.987259
0.861764
0.785135
1.10162
0.949922
0.840027
0.814687
1.05802
0.824024
0.994028
1.14536
0.923679
0.864852
1.1413
0.845353
1.07695
0.781395
0.659504
0.90485
0.746295
0.750251
1.15588
0.850537
0.884232
0.986084
1.00271
1.05406
0.913934
1.02918
1.03022
0.818006
0.992379
0.865694
0.705258
0.963427
0.717007
0.741938
0.768684
1.0621
0.965545
0.91144
0.955315
1.07261
1.04163
1.05985
1.05604
0.695925
1.00537
0.778467
0.844194
0.958088
1.09627
0.937439
0.879125
1.04952
0.655537
0.807112
0.680164
0.985792
0.965261
0.909141
0.717282
1.08194
0.963473
0.874245
0.793726
0.824401
1.05088
0.926704
0.758547
1.11521
1.0618
0.864392
0.885169
0.81517
0.813663
0.982622
1.05454
0.945655
0.968007
0.949009
0.850818
0.91113
1.02475
0.997996
0.875703
1.16569
0.888103
0.856136
0.944748
1.10485
0.851728
0.979667
1.22646
0.867055
0.885342
1.01961
1.03366
0.914638
0.876849
0.992517
1.09802
1.00902
0.875143
1.00974
0.850166
1.0035
1.10991
1.06686
1.09164
0.96539
0.940648
0.785655
0.95792
0.831885
0.765193
0.893141
0.894899
1.06601
0.619677
0.980528
0.758937
0.711914
1.03121
0.96769
0.559758
0.640353
0.99882
1.04976
1.03431
0.857144
0.846317
0.699014
1.05917
0.892855
0.928814
1.18404
0.960333
0.941861
0.754897
0.880778
0.918895
0.899016
1.08672
1.00376
1.19637
0.944534
1.07061
0.64658
0.985089
0.970056
1.18465
0.775473
1.18691
0.991881
0.956547
0.825466
1.09529
0.955334
0.665248
1.04328
1.23883
0.870325
1.04969
0.789749
0.942528
0.851145
0.922682
0.847793
0.812088
1.14652
1.02895
1.11073
0.817165
0.880591
0.749155
1.25335
0.724761
0.967198
0.818389
1.10388
0.99114
0.768725
1.02512
0.932632
0.953937
1.04566
0.728617
1.11578
0.719516
1.00333
0.971383
1.00407
0.805186
1.20942
0.910095
0.923956
0.930466
1.0334
0.832561
0.88233
0.661192
1.05578
0.868782
1.04551
0.883009
0.907188
0.944355
1.00694
0.99871
1.00002
1.11466
0.936427
1.01896
0.947599
0.737309
1.0475
1.06033
0.940403
1.19684
0.886055
1.08666
0.963798
0.797028
0.756042
1.05494
0.892928
1.01887
1.03493
0.95476
0.806648
1.01157
0.897418
0.859392
1.16062
1.32675
0.868088
0.975023
0.922042
0.95112
0.768329
0.881639
1.02709
0.799634
0.902472
1.04628
0.832021
0.875448
0.703716
1.09309
0.868098
0.854354
1.06401
1.06042
0.920957
0.85976
1.08109
1.04857
1.20354
0.767337
1.07995
1.02119
0.834923
0.776562
0.892859
0.853781
1.09961
0.782306
1.1967
0.937234
0.975484
0.724578
0.889952
0.922154
0.711902
0.855391
0.988656
0.816005
0.881534
0.879889
0.765387
0.733073
0.856301
0.83691
1.09975
0.775196
0.819337
1.03605
0.78187
1.02216
1.2322
1.06936
0.912133
1.05724
0.800203
0.89668
0.97842
0.542005
1.0041
1.12607
0.710921
1.03056
0.984626
1.05691
0.993596
1.15448
0.950895
0.968233
0.723426
0.914061
0.8558
1.07944
0.787194
1.17269
0.824593
1.03058
1.02042
0.981764
0.965703
0.978586
0.728969
0.905783
1.08358
1.14399
1.00818
1.12212
0.964355
0.92476
1.27828
1.05776
0.952028
0.825125
1.11971
0.769851
0.868898
0.962259
0.782583
0.858554
1.10729
0.898421
1.01335
1.11387
0.978599
1.14433
0.956527
0.747936
0.906706
0.969813
1.17238
0.92081
0.765864
0.901742
0.985137
1.07159
0.986416
0.767834
1.1879
0.984135
1.05003
0.903234
0.957846
0.951895
0.966112
0.649501
0.777186
0.861307
0.653135
0.868375
0.836538
0.786294
0.944009
0.938824
0.855836
1.02638
0.723874
1.16328
1.08018
0.980932
1.0241
1.1002
1.1143
1.19222
0.930394
0.589554
1.02
0.808473
0.941938
0.808492
0.863106
1.26802
1.06704
0.847525
0.963023
1.17845
0.886631
0.77324
0.918191
1.08955
0.96931
0.944839
1.11434
0.976549
0.639192
0.64881
0.817015
0.941069
0.836908
0.964429
0.700705
0.922374
1.10178
0.943139
0.727058
0.929173
0.973969
0.943354
1.13345
1.059
0.867348
1.05093
0.890716
1.01396
0.78502
1.15972
1.28612
0.897446
0.936732
0.728747
1.03102
0.866709
1.05007
0.930506
0.960258
1.03685
0.962863
0.906558
0.775915
0.957882
0.879715
0.802324
0.902497
0.89275
1.28264
0.910925
0.850927
1.02133
1.02999
0.880066
1.07055
0.807756
0.75517
0.942189
1.02322
1.07569
0.916098
1.12879
0.867127
1.05082
1.13274
0.92731
1.05012
0.883558
0.896709
1.16701
0.822853
0.825402
0.822558
0.917827
0.922604
1.00708
0.861309
0.933729
1.0123
1.09921
1.0102
1.07591
0.802826
1.0964
0.897024
0.822362
0.946045
1.08892
0.866283
1.07603
0.70942
1.09109
0.928451
0.803826
0.956156
0.741152
0.779527
0.869514
0.791919
0.844229
0.835357
0.953285
0.991399
0.871296
1.08767
0.817802
0.878884
1.00202
1.00611
0.739048
1.19867
1.05901
1.01045
0.732164
1.00031
0.803586
0.872711
0.922227
0.969229
1.02234
0.819069
0.767022
0.78614
1.04178
0.905053
0.76829
1.02897
1.0204
1.05006
0.75304
0.925154
1.00344
0.90501
0.651338
1.08589
1.23643
0.94479
0.817856
0.985537
0.869821
1.03912
0.980546
0.696651
0.893443
0.995782
0.885502
0.807314
1.11744
0.895547
0.781874
0.95663
0.994619
1.05353
0.763735
1.02717
0.860431
0.832872
1.02562
0.91012
0.69741
1.08827
0.929545
0.876705
1.01241
0.919766
1.14314
0.784187
0.943062
0.95244
1.03347
0.791831
0.898801
0.841659
1.10205
1.1758
0.928019
0.703902
0.977739
1.09387
1.11079
0.873321
1.01267
0.607608
1.1635
0.801916
1.11377
0.959283
0.879083
0.875749
1.05938
0.915046
1.06819
0.933083
1.12769
1.04294
0.829616
0.891165
1.00278
0.81776
0.937277
1.17477
0.950897
0.970537
0.898869
0.841774
0.847221
0.793329
0.97734
0.882515
1.01278
0.99847
0.858555
0.928696
1.10329
0.861777
0.872013
1.09763
0.961375
0.822994
1.06958
0.978722
0.874985
0.820162
1.03864
1.05603
0.800729
0.868473
0.934068
0.715296
0.803886
0.75267
0.945572
1.13862
0.939409
1.00178
1.33793
1.05802
0.935639
0.714629
0.973202
0.774791
0.986808
1.10335
1.08534
0.94871
1.14258
0.790205
0.8498
0.768024
0.713341
0.821053
0.900863
1.2437
0.887902
1.19664
0.887111
0.879105
0.867863
0.508896
1.16523
0.949295
0.875995
0.949231
0.994182
0.802888
0.959071
0.978545
0.746747
0.89626
0.703741
0.845929
0.890235
0.97636
0.842902
1.06027
1.23494
0.992784
1.17956
1.05182
1.10503
0.887248
0.951483
0.944569
0.630245
0.958866
1.12124
1.17209
0.895281
0.900788
0.91513
0.862715
1.02672
0.923462
0.84637
1.1032
0.852073
0.937512
0.72562
0.962975
1.08359
1.05069
0.943834
1.08517
1.01172
1.05478
1.25695
1.17303
1.0438
1.01385
0.603813
1.05536
0.849109
1.23186
0.853118
0.919682
1.00346
0.948479
1.06426
0.914943
0.893874
0.827218
1.06743
0.990057
0.794114
0.987084
0.984236
0.910329
1.01418
0.746465
0.995755
0.940394
0.901914
0.842227
0.95452
0.795159
1.03895
1.14826
0.941087
0.701162
0.947523
1.17808
0.92954
0.867466
1.06472
1.06555
1.09706
0.903042
0.758105
0.73816
0.816494
0.978764
0.978611
0.940162
0.950433
1.21284
0.960823
0.995799
1.02752
0.995342
0.819621
1.18644
0.968941
0.864283
0.774946
0.843311
0.7259
0.930591
1.06408
0.945709
0.8896
0.8974
0.72752
0.837263
0.890387
0.665542
0.840669
0.791416
1.11546
1.08054
0.708437
0.720321
1.00678
1.02981
1.08739
0.974491
0.751173
1.04667
0.751297
0.987993
1.06057
0.996189
1.06497
1.17863
0.839531
1.0089
0.964507
0.88745
1.00528
0.890491
0.856123
1.14518
0.642588
0.92918
1.06771
1.25227
0.891377
0.791035
0.953399
1.21701
1.00717
0.89472
1.27702
0.960731
0.847225
1.02988
1.14515
0.994478
0.693416
1.05941
1.08396
1.0777
0.798531
0.837759
0.790836
0.614196
1.09885
0.924008
0.969178
0.960793
0.907262
0.923672
0.878669
0.844337
0.848559
0.942498
0.792265
0.984302
0.94344
1.15589
1.06393
0.942404
0.935427
0.511465
1.01032
0.841326
0.94191
1.04866
1.217
1.00311
0.930123
0.89459
0.901008
0.968594
0.824466
0.709868
0.956934
1.01365
0.939247
0.857804
0.809471
0.795759
0.853621
0.804437
0.88088
0.92223
0.996597
0.69455
0.81365
0.921791
0.767162
0.926217
0.77454
1.05254
0.969705
0.825003
1.21185
0.972258
0.98643
1.01738
0.72132
1.07041
0.874975
0.902104
0.958652
0.950829
0.974453
0.913152
0.824472
1.0933
0.966431
0.972893
0.860285
1.12542
0.821127
0.877237
1.08233
0.954704
0.78684
1.03211
1.07067
0.532397
0.820507
0.967152
1.05721
0.889483
0.975861
1.01825
0.754786
0.97412
1.08933
0.784968
0.704389
0.939865
0.926859
1.02597
0.999561
1.04135
0.766536
1.09044
1.03616
0.994049
0.973105
0.690832
1.0199
1.04904
0.897786
1.04978
0.98078
0.933864
0.92839
0.969021
0.837938
0.936675
1.04834
1.04206
1.08668
0.920114
1.01967
1.04801
0.908746
0.712106
1.06057
1.04247
0.798112
1.01334
0.912876
0.79914
0.926148
1.0501
1.01394
0.871892
0.981318
1.08771
0.765905
1.07908
0.885862
1.09058
0.810985
1.01835
0.658957
1.14573
0.887768
1.18298
1.14449
0.748561
1.04776
1.14634
1.01354
0.913638
1.00653
1.19185
0.862942
0.984722
0.740658
1.13595
1.0172
0.961307
0.955248
1.07149
1.25152
0.928419
0.819181
1.03271
0.74113
1.1482
0.944342
0.822065
0.904363
1.02532
0.87215
0.90991
0.815275
1.14927
0.899871
1.0141
0.844902
1.01057
1.06953
0.97016
0.812059
1.17048
0.985552
1.11282
0.927757
0.85795
1.10735
0.902287
1.20597
0.929241
1.06699
1.00811
0.841265
1.01361
1.02718
1.06963
0.990982
1.09355
1.11899
1.10288
0.962362
1.36179
0.885251
0.906432
0.996922
0.94329
0.912172
0.931857
1.08733
1.33795
1.10263
1.02931
0.611905
0.929773
1.02864
0.794038
0.998122
0.902902
0.801447
0.930122
1.16111
1.01398
0.89881
0.888628
0.809164
0.729281
0.786651
0.899028
0.921945
0.961856
0.712578
1.02038
0.959479
1.12554
1.15456
1.07452
1.00915
1.04204
0.850167
0.877819
1.04816
0.74978
0.771911
0.870181
0.922104
1.05519
1.00151
1.01996
1.02099
1.23372
0.988789
0.85561
1.18133
0.919962
1.05734
1.074
0.824369
0.882805
1.12378
0.854769
0.697524
0.99411
0.886932
1.07678
0.683908
0.62803
0.915907
1.02065
0.953611
0.905847
0.960199
1.02034
0.952226
0.995591
1.15944
0.842077
0.95851
0.906302
0.871704
0.824125
0.997349
1.16305
1.1316
0.837404
1.03744
0.88213
0.910812
0.971644
0.989607
1.19223
1.00603
0.955207
0.822904
1.03655
1.0548
1.05026
0.949224
0.96564
0.982414
0.820226
0.767657
1.16793
0.945894
1.04096
1.18593
1.21866
0.906636
1.10202
0.871502
0.766365
0.909076
0.909997
1.05154
0.857762
0.857309
0.969719
1.27672
1.07683
1.16036
0.890534
1.16381
1.06481
0.913366
0.89808
0.8311
1.03409
0.902931
1.02933
1.12474
0.879454
0.960924
1.13897
0.887741
0.919345
1.40509
0.682467
0.787719
0.875148
0.729053
1.07223
0.989026
0.880201
0.862112
0.932976
0.931006
0.885302
0.807135
0.919524
0.841375
0.883778
0.823278
0.99662
0.965881
0.811067
1.00886
0.926342
1.04818
0.549254
0.941839
0.688932
1.03015
0.699335
0.836016
0.767095
0.752188
0.922863
0.994593
1.13281
0.984761
0.807474
0.860503
0.951139
0.926768
1.02564
0.984032
0.854299
1.13604
0.829985
0.800519
0.862609
0.834636
1.07816
0.998656
0.819516
0.899998
0.797189
0.910506
0.896619
1.05882
0.868296
1.03317
0.986934
0.945668
0.974255
1.06282
1.09367
1.01375
0.694628
0.931045
0.890167
0.855614
0.997081
1.05906
0.791523
1.05591
1.14534
1.02591
0.693486
1.01617
0.911344
0.85841
0.981106
0.850486
1.16673
0.815875
0.848628
0.838248
1.04162
0.929064
0.9119
0.769031
0.936395
0.877858
0.909625
0.892766
1.02992
0.839944
0.957172
0.790139
0.782096
1.02434
1.18632
0.985288
0.868065
0.842726
0.702305
0.877512
0.920355
1.07135
1.12792
0.886804
1.04015
1.02679
1.04148
1.26741
0.961503
0.7455
1.03626
0.863898
0.898117
0.725125
0.980785
0.844749
0.941308
1.03353
0.976575
0.923069
1.0902
1.07064
0.625852
1.02313
0.875766
0.673148
0.931482
0.778175
1.02319
0.974726
1.03243
0.644189
0.985918
0.834278
0.744115
0.904876
1.053
0.881551
0.854113
0.985788
0.988804
0.869044
0.950853
0.928861
1.02144
0.880489
0.853452
0.83371
0.950595
0.885942
0.944745
1.09795
1.00017
1.03893
0.961945
1.22694
0.933389
0.764683
1.00867
1.12005
0.923275
0.613317
1.12697
0.856534
1.04159
0.9498
1.0015
1.16392
0.81166
0.81432
1.07661
1.14607
1.1144
0.979032
1.06099
0.938944
0.88721
1.01473
1.08743
0.588006
0.873021
0.966526
0.685833
0.752313
0.72197
1.05411
0.82328
1.10336
0.719351
0.954417
0.886261
0.926124
0.992901
1.12531
0.71172
0.906868
0.878116
0.903277
0.867786
0.774763
0.803586
0.844804
1.01143
0.960686
0.781016
0.612234
0.767531
0.965267
0.867269
1.01325
1.14728
0.91774
0.844591
1.1725
0.953277
1.03676
1.15296
0.827025
0.867008
1.07812
1.19115
1.02783
1.0103
1.00736
1.03123
1.07759
1.21095
0.999363
0.790297
0.789235
0.950681
0.902839
0.90089
0.745083
1.02259
1.01112
0.677399
0.902747
0.901298
0.938223
1.11827
0.977791
1.05567
1.02642
0.808302
1.02756
0.773328
1.09652
0.799296
0.896183
0.83425
1.00892
1.06794
0.864754
0.781526
0.908532
0.943085
0.865505
0.94136
1.09243
0.868467
1.09242
1.23244
0.873427
0.864022
0.855269
1.08815
1.0036
0.89826
1.06065
1.01925
1.09648
1.14425
1.17369
1.11822
0.985549
0.760847
0.906939
0.671384
0.791171
1.01238
0.843229
0.954413
0.787594
1.11903
0.736154
1.02445
1.05322
0.874812
0.953736
0.857963
0.981502
0.839578
0.653457
1.0307
1.08877
1.06177
1.1394
0.813148
0.783292
0.998673
0.888411
0.910662
1.06591
1.10869
0.905703
0.806833
0.869694
0.924538
1.01386
1.12079
0.726474
1.11086
1.01432
0.863238
0.94479
0.765884
1.04403
0.841161
0.690496
1.03747
0.92004
0.996187
0.911203
0.678372
0.808709
0.875644
0.703753
0.837435
1.10195
0.871827
0.984108
0.912179
0.921807
0.860957
1.00601
0.734737
0.955732
1.00466
0.800773
1.0223
0.923758
0.989448
1.02312
1.14653
1.1276
0.991493
1.0366
1.14839
0.958743
1.20703
1.0088
0.88794
1.05568
0.739153
0.965663
0.871642
0.968734
0.815307
0.964251
0.904357
0.989877
0.954714
0.964427
1.11365
1.09786
1.04183
1.3442
1.02956
1.00457
1.02817
1.12156
0.919176
0.75899
1.05252
0.918747
1.06538
0.863097
1.08606
0.869072
0.867049
0.982724
0.844041
1.01718
1.12172
0.944158
1.13906
0.993297
0.933425
0.794473
1.01785
0.706939
1.10496
0.93211
1.05128
1.14656
1.06639
1.0654
0.894495
0.692795
1.12848
0.800344
1.04498
0.878155
1.06691
0.902908
0.941002
0.832025
0.810128
1.06704
1.18596
0.943339
1.1413
0.707798
1.05112
0.924598
1.14085
0.814516
0.832812
0.756062
1.106
0.832607
0.933825
0.728771
1.04481
1.02257
0.89254
1.02794
1.03283
0.919628
0.865565
0.937396
0.89748
1.14887
1.12607
0.915806
0.802656
0.898243
0.915672
1.05345
1.00352
0.739454
1.34308
1.05514
0.946031
0.982474
0.83596
0.782777
0.918639
1.07149
1.26511
0.828279
1.04054
0.989233
1.10385
1.13087
0.863799
0.953959
1.00911
0.74324
1.05456
1.03251
0.796337
0.896498
0.884391
0.843938
1.05476
0.738294
1.07136
0.663028
0.756387
1.05913
1.07497
1.07013
1.0298
0.996203
0.955785
1.01434
0.949434
0.983842
0.679683
1.06259
0.803849
1.04629
0.916454
0.909191
0.86999
0.758022
0.996912
1.02721
0.89018
0.585367
0.983388
0.968494
1.08448
0.942134
0.690486
0.973106
0.974705
0.818628
1.05917
0.852577
0.963778
0.931903
1.04626
1.07921
0.838133
0.846191
1.0508
1.17772
0.922484
0.999156
1.15634
1.0169
0.867497
0.747294
0.759648
1.34511
1.05197
0.765839
0.979307
1.05701
0.939819
1.15817
1.04202
1.10904
0.736779
0.978668
1.10157
0.912335
0.90161
0.95273
0.901986
1.0023
0.962006
1.01627
0.938407
0.824849
1.11048
0.822148
1.37811
1.17586
0.890759
0.972381
0.990201
1.07517
0.921008
0.832664
0.816309
1.03915
1.22478
0.962149
0.990443
0.962373
1.15059
0.93629
0.939261
1.1426
1.28905
0.860311
0.958523
1.12745
0.995419
0.971357
1.05364
0.600798
0.921893
0.875418
1.00098
0.868444
0.94061
0.708937
1.18307
0.766566
0.995003
0.736921
1.11477
0.980933
0.939173
0.671461
0.874306
0.931505
0.916804
0.590278
0.845534
0.777559
1.09468
0.837692
0.839307
0.877224
0.992919
0.891055
1.04048
0.995911
0.858929
0.869898
0.858028
0.918456
0.877343
0.894797
1.02035
0.99192
0.698467
0.947573
1.20036
0.96159
1.09837
1.06413
1.24899
1.12525
1.06484
1.09844
0.870123
0.916175
0.964441
1.2335
0.926481
0.845222
1.01334
0.83642
1.0761
0.877618
0.993682
1.0578
0.613897
1.06702
1.26907
1.01748
1.18273
1.02545
0.994863
0.856033
0.802857
1.04252
0.88872
0.747528
0.948409
0.812109
1.03456
1.02269
1.05063
0.897276
1.00224
0.821882
0.877418
1.03131
0.935878
1.17535
0.936952
1.32541
0.779148
1.03571
0.900251
0.927618
0.919952
0.764887
1.06762
0.941277
0.980874
0.812167
1.07866
0.889367
0.859717
0.914459
0.810411
0.829547
0.772006
0.775066
0.893316
1.10805
0.969164
0.948294
0.926339
0.712096
0.817484
1.14206
0.816337
0.896507
0.778042
1.04476
0.99425
0.953432
0.832196
1.06104
1.35629
0.971206
0.981103
1.01419
0.999675
0.962534
0.994949
1.02294
0.856428
0.927827
0.992396
1.11153
1.08227
0.85121
0.898832
0.825475
0.986629
1.12944
0.946193
1.03178
0.879615
0.822882
0.901807
0.967521
0.873919
0.876154
0.889353
0.877702
1.11636
0.894283
1.01856
0.98847
0.962625
0.760362
0.801558
0.893386
1.03101
1.08368
0.860137
1.04183
1.13712
0.883438
1.01734
0.801705
0.805503
0.807914
1.08221
0.874313
1.04029
0.972809
0.922628
0.837336
0.92606
0.684178
0.874975
0.905375
0.825073
1.15669
0.926462
0.937859
0.861555
1.14886
0.836799
0.747364
0.823465
1.24585
1.08672
0.936592
1.03357
0.719933
1.06755
1.0592
0.894712
0.857361
0.900375
0.880256
0.806244
0.940409
1.06087
1.16611
1.18417
0.890814
0.997799
1.00312
1.08541
0.994032
0.993304
1.14765
0.931328
0.888327
1.19697
0.98752
1.06477
0.93074
1.1338
1.14399
0.967255
0.954921
0.868863
1.20364
0.888424
1.14102
0.928526
0.841958
0.869855
0.793949
0.99682
1.02844
0.915633
1.13365
0.886345
0.826592
1.01851
0.768659
0.98885
0.975299
1.11618
0.927241
1.07267
1.10493
1.12784
0.932587
1.02866
0.650419
0.920725
1.20346
0.957301
1.04936
0.908764
1.28393
0.928611
0.782602
0.971704
0.87319
1.10772
0.897635
1.08802
1.00113
1.12353
0.855007
0.851746
0.914934
1.01672
0.809761
1.16091
1.18429
0.932242
1.03606
0.896345
0.895654
0.870879
0.85056
0.728451
1.20735
1.06683
1.06884
1.03185
1.00487
0.754002
0.919271
0.985309
0.99904
1.13319
1.00171
0.803156
1.03135
1.20956
0.906
0.985253
0.895085
0.883021
0.958908
0.936474
1.02671
1.01278
1.02392
0.687953
1.0179
1.23278
0.701741
1.12784
0.857913
0.788701
1.00727
1.03509
0.80923
0.940336
0.8771
1.0001
1.0938
0.715755
1.09473
0.866939
0.879162
0.967099
0.933758
0.897452
0.81346
1.14134
0.833388
1.04477
0.897828
1.11394
0.940181
1.01964
0.957095
0.935281
0.98466
1.12278
0.930282
0.980586
1.20264
0.914489
1.04315
0.757991
0.946481
0.880799
0.957907
1.07156
0.827078
0.983612
0.843239
1.16756
1.10339
0.905574
0.768121
1.09624
0.975389
0.965345
0.981757
1.02868
0.847439
0.705156
0.596397
0.866591
0.755827
0.885689
1.01904
0.93604
1.09317
1.02333
1.15153
0.96034
0.950044
1.05622
0.976899
1.14849
1.22867
0.886016
0.911714
0.845439
1.05409
1.07488
0.74717
0.976673
0.833966
0.592631
0.912509
1.08878
0.87273
0.817454
0.791782
0.817543
0.932337
1.02125
0.83243
0.985199
0.987574
0.939103
1.07366
1.21919
0.641372
0.873317
1.04265
0.957515
1.05357
0.998184
0.87837
1.01043
0.930017
0.917505
0.920627
0.830658
1.05156
0.984093
0.69427
0.957165
0.924042
1.00124
0.93742
0.871474
1.02179
0.607353
0.984876
0.76892
1.03406
1.03448
1.09271
0.944642
1.1265
0.683206
0.829204
0.903694
1.19454
0.857957
1.16693
1.13625
0.841075
1.01854
1.08092
0.820444
0.789528
0.775896
0.865355
0.818066
1.11092
0.967865
1.01274
0.990309
0.991305
0.864268
0.782835
0.836039
0.932936
0.704381
0.998941
0.714394
0.791793
1.12336
1.17463
0.821687
0.916117
1.09707
0.866073
0.89415
0.849557
1.0171
1.11911
0.924922
0.815031
1.01556
0.999411
0.857443
0.64134
1.14809
1.01628
0.956839
0.88034
0.721182
0.991983
1.03551
0.868143
0.820462
0.732268
0.84749
1.06112
1.1475
0.873565
1.074
1.06288
1.07607
0.881861
0.827512
0.894001
0.998406
1.18724
0.971538
0.691376
0.999805
0.861127
0.932283
1.02346
0.901728
0.924264
1.11751
1.08262
0.852669
0.972082
1.06001
0.931179
0.993973
0.946722
1.05258
0.989503
0.795406
0.829228
1.13045
0.874797
1.00495
0.94887
0.937925
1.05735
0.908332
1.03881
1.10901
0.920419
0.950549
0.83195
0.72325
0.798767
1.0364
1.04836
0.910156
1.10913
0.851099
1.03501
0.726776
0.911029
1.00881
1.07648
1.04402
1.12287
0.95189
0.743201
0.977347
0.792364
0.73137
1.02156
1.02797
0.812864
0.790491
0.697796
1.1354
0.92675
0.815366
0.845051
0.920684
1.0609
0.841728
0.77806
0.995856
0.870798
0.999614
1.20728
0.826136
0.904769
0.850369
0.851987
0.909699
0.948878
0.902266
1.09171
0.862842
1.03666
0.853066
0.811955
0.897088
1.36722
1.1964
0.924291
0.817972
0.938891
1.20847
1.07907
0.969789
0.945176
0.791661
1.05438
0.856497
1.10031
0.969071
0.925907
1.14933
1.08703
1.0186
0.917771
1.2082
0.83836
0.811363
0.979005
0.93116
0.750968
1.00902
0.882654
1.13964
0.909673
1.13382
1.09289
1.10034
1.00128
0.924196
0.891172
1.14518
1.00297
0.798054
0.723248
0.840026
0.670537
1.01782
0.868153
1.2083
0.774838
0.978834
0.742536
0.767412
1.03305
0.840721
1.20325
1.01088
1.13794
0.891638
0.768979
0.887716
0.652356
0.871466
1.03414
0.985452
0.850635
1.0531
0.777045
1.15534
0.977275
0.97313
0.978509
1.05326
0.940859
0.70469
1.08658
0.802388
0.972962
1.09474
0.925794
1.13752
0.877088
1.1291
1.00934
0.774271
1.01667
1.10601
0.997745
1.31674
1.0046
1.18182
1.01536
1.06353
0.959122
0.822171
0.87469
1.04359
0.998007
0.86846
1.07867
0.830403
1.04748
0.861244
0.927662
1.12345
0.901764
0.918441
0.726286
0.921803
1.05896
1.0399
0.867944
0.892706
0.873884
1.05773
0.92421
0.929322
0.890176
1.11012
0.914979
1.06152
0.972776
1.06243
1.02514
1.00655
0.947966
0.749995
0.907481
1.08287
1.08163
0.760996
0.807049
1.00154
0.822204
0.798685
0.978919
0.9702
0.813798
1.00765
0.862241
0.932962
0.931704
1.1415
0.6867
0.999256
1.0057
0.766385
0.96988
1.04068
0.904725
0.94896
0.953469
1.21694
0.846004
0.885924
0.867234
1.15284
1.03844
0.89036
0.78015
0.889815
1.03401
1.05337
0.785285
1.06552
0.965472
1.18748
0.729037
1.0232
1.09161
0.719384
0.744547
0.987316
0.91035
1.05362
0.912112
1.05658
0.695828
0.818086
0.903973
0.96578
1.01109
0.854559
0.961837
1.13166
1.07565
0.908408
1.02921
0.636539
0.840058
1.0559
0.895996
0.778157
0.804762
0.921344
0.962544
1.02361
0.889204
1.07194
0.770675
1.03227
0.996148
0.849593
0.837397
0.99488
1.24888
0.984287
0.976668
1.11384
1.12274
0.955729
1.22929
0.91804
1.02293
0.985368
0.730323
0.916168
1.0214
0.999111
0.882695
1.23403
0.828484
1.23417
1.17361
0.736611
0.840502
1.06107
0.837955
0.842111
0.793978
0.949488
0.893621
0.999157
0.989344
0.868066
0.751623
1.03345
1.01828
1.08668
1.04935
1.16802
1.17234
0.9788
0.910106
1.20536
0.756961
0.792541
1.11566
1.09227
0.868575
0.942786
1.2327
1.03349
0.801626
0.802889
1.00808
0.725021
0.934364
0.7971
0.999906
0.905821
1.056
0.845705
0.93187
1.11106
0.987522
1.27392
1.00589
1.15747
0.888244
0.97237
1.02385
0.849105
0.788698
0.783269
0.967318
0.894428
1.01679
0.854629
0.997138
0.980837
0.959241
1.06004
1.30185
0.912311
0.864016
0.764837
0.510916
1.044
1.04904
1.02941
0.997287
0.948898
0.737528
1.03048
0.701655
0.972825
0.654169
0.892104
1.08054
0.953776
0.891656
0.803986
1.04069
0.868273
0.927109
0.829683
0.725365
0.903963
0.964328
1.32074
0.921184
0.806808
0.85988
