0
-5.76173e-06
1.02441e-05
-1.02441e-05
-1.6008e-05
2.30538e-05
2.30538e-05
2.30538e-05
-2.30538e-05
-4.09928e-05
-6.40641e-05
-7.75253e-05
0.000125616
-0.000144216
-0.000144216
0.000185275
0.00023148
-0.00023148
0.00033934
0.000369527
0.000433768
-0.000467823
0.000503169
0.000577733
-0.000577733
-0.000616952
-0.000927684
0.00102811
-0.00102811
0.00108027
-0.00113372
0.00113372
0.00113372
0.00142043
0.0015442
-0.0015442
-0.0015442
-0.0015442
0.00167317
-0.00167317
0.00167317
-0.00167317
0.0017396
0.0017396
0.0017396
-0.00180733
-0.00209127
0.00239605
-0.00239605
-0.00263832
-0.00263832
0.00272168
-0.00297961
-0.0030682
0.0032493
0.0032493
0.00334181
0.00334181
0.00343562
0.00353075
-0.00362719
0.00372493
-0.00412901
-0.00412901
0.00423331
0.00444583
-0.00455407
-0.00455407
0.00466361
-0.00477447
-0.00488664
-0.00500013
0.00523104
-0.00558728
0.00558728
0.00558728
0.00558728
-0.00583135
0.00595537
-0.00595537
0.0060807
-0.00699492
0.00699492
0.00726801
0.00768756
0.00768756
-0.00783005
-0.00797387
0.00797387
-0.00797387
-0.00811901
-0.00826547
0.00841326
-0.00856237
-0.00856237
-0.00886457
-0.00886457
0.00917208
-0.00932782
0.00948489
-0.00980301
-0.00980301
-0.00996407
-0.00996407
-0.0101264
-0.0104552
-0.0104552
-0.0106216
0.0107893
-0.0107893
-0.0109583
-0.0109583
0.0111287
-0.0111287
0.0111287
-0.0113004
-0.0120005
0.0120005
-0.0121788
0.0121788
-0.0121788
0.0125395
-0.0127219
0.0127219
-0.0130906
-0.0130906
0.0130906
0.0134647
-0.0136537
-0.0140358
0.0142289
0.0142289
0.0144233
-0.014619
0.014619
-0.0148161
-0.0148161
-0.0148161
-0.0148161
-0.0148161
-0.0152142
0.0152142
-0.0154153
-0.0154153
0.0158215
0.0162331
0.0162331
-0.01665
0.01665
0.0168605
-0.0170724
0.0175
0.0175
0.0175
0.0177159
0.0181517
-0.0183716
-0.0183716
-0.0188154
-0.0188154
-0.0190393
0.0192646
-0.0197193
-0.0197193
0.0197193
-0.0199486
0.0199486
0.0199486
0.0199486
0.0199486
0.0199486
-0.0201793
-0.0201793
0.0208794
0.0208794
0.0211155
-0.0213529
-0.0213529
0.0213529
0.0213529
-0.0218319
0.0220734
-0.0220734
0.0225604
0.0225604
-0.0230529
-0.0230529
-0.0233011
0.0235508
-0.0235508
-0.0238017
-0.0245628
-0.0248192
0.0250769
-0.0250769
-0.0250769
-0.0250769
-0.0253361
0.0253361
-0.0255965
0.0263861
0.026652
-0.026652
0.026652
-0.0271879
-0.0271879
0.0274579
0.0274579
-0.0282761
-0.0288283
0.0288283
-0.0291065
0.0291065
-0.0291065
0.029386
-0.0296669
-0.0308042
0.0310919
-0.031381
0.031381
0.031381
-0.0316715
0.0316715
0.0319633
0.0322565
0.0325511
-0.032847
-0.032847
0.0331443
0.0337431
-0.0337431
-0.0340445
-0.034957
0.0361929
-0.0365053
-0.036819
0.0371342
0.0371342
-0.0377686
-0.0377686
-0.0377686
-0.0380879
0.0384086
0.0387306
0.039054
0.039054
-0.039054
-0.039705
-0.039705
0.039705
-0.0400325
0.0400325
-0.0400325
-0.0403615
0.0406918
0.0406918
0.0410234
0.0413565
0.0413565
-0.0413565
-0.0413565
-0.041691
-0.0420268
-0.042364
0.042364
-0.0427026
-0.0433839
0.0440708
0.0447632
0.0447632
0.0451115
-0.0461647
-0.0461647
0.0465185
0.0472303
-0.0472303
0.0475883
0.0493991
0.0493991
0.0501331
-0.0501331
-0.0512446
0.0523687
0.0523687
-0.0523687
-0.0527462
-0.053125
0.0538869
-0.05427
0.0546544
-0.0546544
-0.0546544
0.0550403
-0.0558162
0.0558162
-0.0562062
0.0569905
-0.0577803
-0.0577803
-0.0581774
0.0585758
0.0589756
-0.060589
0.0609958
0.0609958
-0.0609958
0.0609958
-0.0609958
-0.0614041
0.0618137
-0.0618137
-0.0618137
-0.0622248
-0.0622248
0.0626372
0.0626372
0.0630511
-0.0630511
-0.0634664
-0.0634664
-0.0638831
0.0638831
0.0647206
0.0655638
-0.0668392
-0.0672672
-0.0681273
0.0681273
0.068993
0.068993
-0.069428
0.0698644
0.0703023
0.0703023
-0.0707415
0.0707415
0.0711822
0.0716242
-0.0720677
-0.0725126
-0.0725126
0.0729589
0.0734066
-0.0738558
0.0738558
-0.0752117
0.0756665
0.0756665
0.0756665
0.0756665
0.0779618
-0.0784251
-0.0784251
0.0802926
0.0802926
-0.0807631
-0.0817082
-0.0817082
-0.0821829
0.0831366
0.0836156
-0.084096
0.084096
-0.084096
-0.0845778
0.0850611
-0.0850611
0.0855457
-0.0860319
-0.0860319
-0.0860319
0.0865194
-0.0870084
-0.0874988
0.0884838
0.0884838
-0.0884838
-0.0889785
0.0894746
0.0894746
0.0894746
-0.0894746
0.0899722
0.0899722
0.0909716
-0.0909716
0.0914734
0.0914734
0.0914734
-0.0914734
0.0919767
-0.0924814
-0.0924814
0.0929875
-0.0929875
0.0950264
-0.0955398
0.0965707
0.0976074
0.0986498
-0.0986498
0.099698
0.100224
-0.100224
-0.100752
0.102877
-0.104486
-0.104486
-0.105025
-0.105025
-0.105025
0.105025
0.105566
0.106108
0.106108
0.106652
0.106652
-0.107743
-0.108841
0.108841
0.108841
-0.109391
0.109391
0.109944
-0.109944
-0.110497
0.110497
-0.110497
-0.113288
-0.11385
0.114414
-0.114979
-0.114979
0.114979
-0.116114
-0.116684
-0.117827
0.117827
0.117827
-0.118977
-0.119554
0.119554
0.119554
0.120132
-0.120132
0.120132
-0.120132
-0.120132
0.120712
0.120712
0.121876
0.12246
-0.12246
0.123633
0.123633
-0.124812
0.125403
0.126591
-0.127187
0.127784
-0.129585
0.130188
-0.131399
-0.132006
-0.132006
-0.132006
0.132006
-0.132616
0.133226
0.133226
0.133226
0.133226
0.133226
0.135683
-0.136301
-0.13692
-0.13692
0.137541
-0.138163
0.140667
-0.141297
0.141297
0.141928
0.141928
0.14256
0.14383
-0.144467
-0.144467
0.144467
0.144467
0.145105
0.145745
-0.14703
-0.147674
-0.14832
-0.150266
-0.150266
-0.150918
0.151571
-0.152226
-0.152882
-0.152882
0.152882
0.154199
-0.154199
-0.15486
0.15486
-0.155522
0.155522
0.156185
0.156185
0.156185
0.15685
0.15685
-0.15685
-0.15685
0.157517
0.158185
-0.161548
-0.162224
0.162224
0.162224
-0.162224
0.162903
-0.162903
0.164264
0.164264
-0.164947
-0.165632
0.165632
-0.165632
0.166318
0.168384
0.169076
0.169076
0.169076
0.170464
0.170464
0.171161
0.172558
-0.173258
-0.173961
-0.174665
0.174665
-0.176077
0.176785
-0.176785
-0.176785
0.176785
-0.177495
0.178919
0.179633
-0.181066
0.181785
0.182505
-0.182505
0.183227
0.187589
-0.187589
0.188321
0.189055
0.18979
0.191266
0.192005
-0.192005
0.192005
-0.192747
-0.19349
-0.194234
-0.194234
-0.19498
0.195727
0.195727
0.195727
-0.196476
0.197226
-0.197226
0.197978
0.197978
-0.197978
-0.199486
0.201001
-0.201001
0.20176
-0.203284
0.204048
0.204813
0.20558
-0.206349
-0.207119
-0.20789
-0.208663
0.210214
-0.210992
0.211771
0.211771
0.214117
0.214902
-0.214902
-0.215689
0.216477
0.216477
0.218058
0.218058
-0.218851
0.219646
-0.219646
0.222838
0.222838
-0.22364
-0.224444
0.225249
-0.225249
-0.225249
-0.226863
0.226863
-0.227673
-0.227673
-0.229297
0.232563
-0.232563
-0.232563
-0.233383
0.234205
-0.235853
0.236679
0.237507
-0.237507
0.237507
-0.237507
0.238337
-0.239168
-0.239168
0.240001
-0.240001
-0.240001
0.240001
0.240001
0.24167
0.242507
-0.243346
-0.243346
-0.243346
-0.243346
-0.243346
-0.245028
0.245872
-0.246716
0.246716
0.246716
0.247563
0.24926
-0.24926
0.24926
0.250964
0.25439
0.256112
-0.256112
0.256975
-0.256975
-0.256975
0.25784
0.260444
-0.261315
0.261315
0.262188
0.263062
-0.266574
-0.267456
-0.26834
0.26834
-0.270111
0.270111
0.270999
0.27278
0.27278
-0.273673
0.274567
0.274567
-0.275463
0.275463
-0.276361
-0.27816
0.279966
-0.280872
0.280872
0.281778
-0.282687
0.284508
0.286336
-0.28817
-0.289089
0.289089
-0.29001
-0.291856
-0.292782
0.292782
-0.292782
0.292782
-0.295568
-0.297433
0.299305
-0.299305
0.299305
-0.300243
-0.302123
-0.302123
-0.303066
-0.305904
0.306853
0.307804
-0.308756
-0.30971
0.310665
0.312581
0.313541
0.314502
-0.314502
0.315466
-0.315466
-0.31643
-0.317397
-0.320305
0.322252
0.322252
-0.323228
-0.324206
-0.324206
-0.325185
-0.325185
0.326165
0.326165
0.326165
0.327147
0.328131
0.329117
-0.329117
0.333074
0.333074
0.334067
0.334067
0.335062
-0.337056
-0.337056
-0.337056
0.338056
-0.339057
0.34006
0.344087
-0.345098
-0.345098
0.34611
-0.34611
0.347124
-0.34814
-0.34814
0.34814
0.349157
-0.351196
-0.352218
-0.352218
0.354266
0.354266
0.357351
-0.359415
-0.36045
-0.361486
0.362524
0.363564
0.363564
-0.364605
0.365647
-0.365647
-0.365647
0.367738
-0.369834
-0.371937
0.372991
0.372991
0.372991
-0.374046
-0.374046
-0.375104
-0.375104
-0.376162
0.377223
-0.377223
0.377223
0.379348
-0.382548
0.382548
-0.382548
0.383618
0.383618
-0.38469
0.38469
0.385763
0.391153
-0.39332
-0.39332
0.394406
-0.396583
0.397674
-0.398767
-0.399861
0.402054
-0.403153
0.404254
-0.40646
-0.407565
-0.408673
-0.409781
0.410892
-0.412004
0.413117
0.414233
0.416468
0.416468
-0.417588
0.417588
-0.41871
0.41871
-0.419833
-0.419833
-0.423213
0.423213
0.424343
-0.427742
0.427742
-0.434585
0.434585
0.434585
0.435731
0.435731
0.436879
-0.436879
0.438028
-0.440332
-0.440332
-0.4438
0.4438
0.44496
-0.44496
0.44496
-0.44612
-0.44612
0.44612
-0.449613
0.45078
0.45195
-0.45195
0.45195
-0.45312
0.456642
-0.45782
0.461362
-0.461362
0.461362
0.462546
0.463731
0.463731
0.466107
-0.467298
0.46849
0.469684
-0.470879
0.472076
-0.472076
0.476881
0.476881
-0.479293
0.479293
-0.481712
0.484138
0.485353
0.48657
-0.489009
0.490231
-0.491454
0.492679
-0.493906
0.495135
-0.495135
-0.496365
-0.496365
-0.49883
-0.49883
-0.500066
-0.500066
0.500066
-0.503781
-0.503781
-0.505023
-0.506267
-0.507512
-0.507512
-0.508759
0.510007
0.512509
-0.513762
0.513762
0.515018
-0.517533
-0.517533
0.518793
-0.518793
-0.521319
-0.521319
0.525119
-0.525119
-0.526389
-0.526389
-0.527661
0.527661
0.528935
0.53021
0.534046
-0.535328
-0.537897
-0.540472
0.541762
-0.543054
-0.543054
0.544348
0.544348
-0.545644
0.546941
-0.54954
0.550842
-0.550842
0.552146
0.553451
0.553451
0.554758
-0.556067
0.556067
-0.55869
0.55869
0.55869
0.560004
0.560004
0.560004
0.561319
-0.563956
-0.563956
-0.563956
0.563956
0.566599
-0.567923
-0.569248
0.571905
-0.571905
0.574568
0.575902
0.578576
-0.582599
-0.582599
0.583943
-0.583943
0.585289
-0.586637
0.587986
0.59069
0.59069
-0.59069
0.592045
-0.596119
-0.602942
-0.604312
-0.604312
-0.605684
-0.607057
-0.609809
0.609809
-0.611187
0.612567
-0.612567
0.616718
0.618105
0.619494
-0.619494
0.622276
0.622276
-0.62367
0.625065
0.627862
0.629262
-0.630665
-0.632069
0.633475
0.639115
-0.640529
0.640529
0.641946
0.641946
-0.641946
-0.643363
-0.643363
0.644783
-0.646204
0.646204
0.647627
0.647627
0.647627
-0.650478
-0.654768
-0.654768
0.656202
0.656202
0.657637
-0.657637
0.657637
-0.659073
0.659073
-0.660512
0.661952
-0.661952
0.661952
-0.663394
0.664838
-0.666283
-0.667731
-0.667731
0.669179
-0.669179
0.67063
0.67063
-0.672082
0.673537
0.673537
0.673537
0.67645
0.67645
0.677909
0.677909
-0.680833
-0.682298
0.685232
-0.686701
0.686701
-0.686701
0.686701
-0.689646
-0.689646
-0.691121
0.691121
0.691121
0.694076
0.694076
-0.695556
0.697038
-0.698522
-0.700007
0.700007
-0.701494
0.701494
0.701494
-0.70746
0.710454
0.710454
0.711953
-0.711953
-0.711953
-0.713454
0.713454
-0.714957
-0.714957
-0.714957
0.717968
0.717968
0.717968
-0.722497
-0.725526
0.728561
0.728561
-0.731604
-0.734653
0.73618
0.73618
0.73618
-0.737709
-0.737709
0.73924
0.73924
-0.740773
-0.743843
0.746921
0.748462
0.748462
-0.750006
0.756196
0.756196
-0.757748
-0.762415
-0.762415
-0.762415
-0.768661
-0.770228
0.770228
-0.773365
-0.77651
-0.77651
-0.778085
-0.778085
0.778085
-0.779662
0.78124
0.784402
-0.784402
0.785986
0.787572
0.789159
-0.790748
0.790748
-0.792339
0.795527
-0.795527
0.795527
-0.797123
0.797123
0.801922
0.801922
0.801922
-0.803526
0.806738
-0.806738
-0.806738
-0.808347
-0.809957
-0.813184
-0.8148
-0.8148
-0.8148
-0.8148
0.818037
0.818037
-0.821281
-0.821281
-0.822906
-0.822906
-0.834329
0.835969
-0.835969
0.835969
0.837609
0.839252
0.839252
-0.839252
-0.840897
0.842543
0.842543
0.844191
-0.844191
-0.844191
-0.845841
-0.847493
-0.849146
-0.850801
-0.854117
0.855778
0.860771
0.862439
-0.867453
0.872484
0.874164
-0.875847
0.875847
-0.879217
-0.879217
0.880905
-0.882594
0.884285
0.88937
-0.88937
0.88937
-0.892769
0.894472
-0.894472
-0.896176
0.897881
-0.899589
-0.899589
-0.901299
0.90301
-0.904723
0.908155
0.918493
-0.920223
0.920223
-0.921954
-0.923687
-0.923687
-0.930638
0.930638
-0.93238
0.934124
0.93587
0.93587
0.937618
-0.939367
0.941119
-0.941119
0.941119
0.941119
-0.942872
-0.949903
-0.949903
-0.951665
-0.951665
-0.95343
0.955196
0.956963
-0.960505
-0.962278
0.967609
-0.96939
-0.96939
0.971172
0.971172
-0.974743
-0.976531
0.976531
0.978321
-0.978321
0.978321
0.980113
0.981906
-0.981906
-0.983702
0.983702
-0.983702
-0.985499
0.985499
0.989099
-0.989099
0.990902
-0.992707
0.994513
-0.996322
-0.998132
0.999944
0.999944
0.999944
1.00176
1.00903
-1.01086
1.01086
-1.01268
-1.01268
-1.01268
-1.01451
-1.01451
1.01634
-1.01634
-1.01817
-1.01817
1.02
1.02551
-1.02735
-1.03288
1.03288
-1.03288
-1.03657
-1.04399
-1.04585
1.04585
1.04771
1.04957
-1.05143
1.05517
1.05704
-1.05891
1.06078
-1.06453
-1.06641
-1.06641
-1.07018
1.07018
1.07018
1.07206
1.07395
1.07395
1.07395
1.07584
1.07962
1.08151
1.08341
-1.08341
-1.08721
1.08721
1.08911
-1.09101
1.09292
-1.09292
1.09482
-1.10056
-1.10247
-1.10247
-1.10247
1.10439
-1.10631
1.10631
-1.11015
1.11207
1.11207
1.114
1.114
1.11786
1.11786
1.11979
-1.12172
1.12366
-1.12559
-1.12753
-1.12753
1.12753
1.13142
-1.13531
1.14116
-1.14116
-1.14507
-1.14507
1.14703
-1.14703
1.14899
-1.15488
1.16079
-1.16079
-1.16079
-1.16474
-1.16474
1.16869
1.16869
1.17067
1.17266
1.17663
1.17663
-1.17862
-1.17862
-1.1826
1.1826
1.18659
-1.18659
-1.18859
1.19059
-1.19459
-1.19459
1.19861
-1.20263
-1.20867
-1.20867
1.21069
1.21069
1.21271
1.21474
-1.22895
1.22895
-1.23099
-1.23099
-1.23303
1.23303
-1.23507
1.23712
-1.24121
1.24121
1.24326
-1.24326
-1.24326
1.25148
-1.25354
-1.2556
-1.25973
1.2618
1.2618
1.26594
1.26594
-1.26594
1.27008
-1.27216
1.27424
1.27424
-1.27632
-1.27632
1.2784
-1.28049
-1.28258
1.28675
-1.28675
1.29094
1.29934
1.29934
1.29934
-1.30144
-1.30355
1.30355
-1.30566
-1.30777
-1.30777
-1.30988
1.32047
1.32047
1.32259
-1.32259
-1.32259
-1.32684
1.32684
1.33537
-1.33965
-1.34179
1.34179
-1.34393
1.34393
-1.34393
-1.34393
1.34608
1.35037
1.35037
-1.35037
-1.35253
1.35468
1.35468
-1.35683
-1.35899
1.35899
-1.36547
1.36547
1.3698
1.37632
1.37849
1.38503
-1.38503
-1.38721
-1.39377
-1.39596
1.39596
1.39815
1.40034
-1.40034
-1.40254
1.40914
1.40914
1.41355
-1.41355
-1.41355
1.41576
-1.42239
-1.43127
1.43795
-1.43795
1.44018
1.44464
-1.45136
1.45136
-1.45584
1.45809
1.46259
1.46484
-1.47161
1.47161
1.47387
1.47387
-1.47613
1.47839
-1.47839
1.47839
-1.48066
1.48519
-1.48519
1.48519
-1.48974
1.49202
-1.49202
-1.49657
1.49885
-1.49885
1.50342
-1.50571
1.51029
1.51259
1.51488
1.51718
-1.52178
-1.52409
-1.52409
-1.52409
-1.52409
-1.52639
1.52639
1.5287
1.5287
1.53332
1.54027
-1.54724
-1.54956
1.54956
1.55189
-1.55889
1.55889
1.56122
-1.56356
1.56356
-1.56356
1.57059
1.57293
-1.57293
-1.57293
1.57293
1.57528
-1.58234
1.58469
-1.58705
1.58705
1.58941
-1.59178
-1.59651
1.60837
-1.60837
1.60837
1.60837
1.61075
-1.61313
-1.61313
-1.62506
-1.62985
1.62985
-1.62985
1.63465
1.63465
1.63705
1.63705
-1.64427
1.64667
-1.64909
1.6515
1.65633
1.6636
1.6636
-1.66602
1.66602
-1.67575
1.67575
1.67818
1.67818
1.67818
-1.68062
-1.6855
-1.69039
-1.69529
1.69775
1.7002
1.70266
-1.70266
-1.70511
1.70758
-1.71004
1.71004
-1.71497
-1.71991
1.71991
-1.71991
-1.73478
-1.73478
-1.73727
-1.73975
-1.73975
1.74224
1.74224
1.74224
-1.74224
-1.74473
1.74972
-1.74972
-1.75222
1.75472
-1.75472
1.75472
-1.75723
1.75723
-1.75973
1.76725
-1.76725
-1.76725
1.76725
-1.77228
-1.77228
-1.7748
1.7748
1.7748
-1.77984
1.78994
1.78994
1.79247
1.79247
-1.79501
-1.79754
-1.79754
1.80008
1.80008
-1.80008
1.80262
1.80262
-1.80516
1.80516
1.80516
-1.81535
1.81535
-1.81535
1.8179
-1.8179
1.82046
1.82813
1.83069
1.83069
-1.83069
-1.83326
1.83583
1.83583
1.8384
-1.84097
-1.84612
-1.84869
-1.84869
1.85127
1.85385
1.85385
1.85644
-1.85902
1.86161
1.86679
-1.86679
1.86679
1.86679
1.86679
1.86939
1.86939
1.87198
-1.87198
-1.87458
-1.87458
1.87458
1.87458
1.87718
1.87979
1.87979
1.885
1.88761
1.89022
1.89283
-1.89283
-1.89806
1.89806
-1.90331
1.90331
1.90593
1.90856
-1.90856
-1.91118
-1.91381
-1.91381
-1.91381
-1.91908
-1.92172
-1.92436
1.92436
-1.927
-1.927
-1.927
1.92964
-1.92964
-1.93229
1.93493
1.94554
1.94554
-1.9482
1.95086
-1.95352
1.95352
1.95352
1.95352
1.96419
-1.96419
1.96954
1.9749
-1.97758
1.97758
-1.98026
1.98295
-1.99102
2.00181
-2.00451
-2.00451
-2.00721
2.01806
2.02349
2.03984
-2.04257
-2.04257
-2.04257
2.04257
2.04531
2.04805
2.04805
-2.04805
2.05079
-2.05353
-2.05353
2.05627
2.06451
-2.06451
-2.07278
2.07554
2.08659
-2.08659
-2.09214
-2.09214
-2.09491
2.10324
-2.10603
-2.10881
2.1116
-2.1116
-2.11718
-2.12277
-2.12277
2.12277
-2.12557
2.12837
2.13117
-2.13397
-2.1424
-2.1424
2.1424
2.14521
2.15085
2.15931
-2.16214
2.1678
-2.17063
2.17063
-2.17914
2.18198
-2.19337
-2.19908
-2.19908
-2.19908
-2.19908
-2.20194
-2.20194
-2.2048
2.20766
-2.20766
2.20766
-2.21052
2.21052
-2.21052
2.21339
2.22487
-2.22775
2.23351
2.23351
2.23351
2.23351
2.25084
2.25374
2.25374
-2.25664
-2.25954
-2.26244
-2.26826
2.27408
-2.27408
2.27408
2.27991
2.28867
-2.2916
2.2916
2.29453
-2.29453
-2.30332
-2.30626
-2.30626
-2.31508
-2.32393
2.32393
2.32393
2.32688
2.33279
-2.33279
2.34167
2.34464
2.34464
-2.34464
2.34761
2.35058
-2.35058
-2.35058
2.35355
2.35355
-2.36248
-2.36844
-2.36844
2.37143
2.37442
2.37442
2.37442
2.37442
-2.3834
-2.38939
-2.38939
-2.39239
2.39239
-2.40141
-2.41951
2.42253
2.42253
-2.42859
-2.42859
-2.43769
-2.44072
2.44681
2.45595
2.45595
-2.459
2.459
2.46205
2.46205
-2.47122
2.47429
2.47735
-2.48042
-2.48042
-2.48656
-2.48656
-2.48656
2.49271
-2.49887
-2.49887
-2.50195
-2.50195
2.50195
-2.50504
2.50504
-2.51121
2.51431
-2.5174
2.5174
2.5205
2.5236
2.5236
-2.53291
2.53601
2.53601
-2.54224
-2.54224
2.54535
-2.54535
2.54535
2.55471
2.55784
2.56722
2.56722
-2.57035
2.57349
2.57349
-2.57349
-2.57977
-2.57977
-2.57977
-2.58291
-2.58291
-2.58291
-2.58606
-2.5892
-2.59235
2.5955
-2.5955
2.59866
2.60181
2.60181
2.60181
-2.60813
-2.61446
2.61446
-2.61763
2.62397
2.63032
2.6335
2.6335
2.63668
2.63668
-2.63987
-2.64305
-2.64624
2.64943
-2.65263
2.66222
2.66542
-2.67504
2.67825
2.67825
2.67825
-2.68468
-2.6879
2.69435
2.69757
2.70403
-2.70726
-2.70726
-2.7105
-2.7105
2.71374
-2.71698
2.71698
2.71698
-2.72022
2.72022
-2.72671
2.72996
-2.73321
-2.73646
-2.73646
2.73972
-2.73972
-2.73972
2.74298
-2.74298
2.74624
2.7495
2.75603
-2.75603
-2.7593
2.7593
2.76258
-2.76585
-2.77569
2.77569
-2.78226
2.78884
2.79213
-2.79543
-2.79873
2.80533
2.80533
-2.81194
-2.81194
2.82188
2.82188
-2.83184
2.83516
-2.85181
-2.85849
-2.86853
-2.87859
-2.88194
2.88867
2.8954
-2.8954
-2.90214
-2.90214
2.90551
-2.90551
2.90889
-2.91226
2.91565
2.92241
2.9258
2.92919
-2.92919
-2.92919
2.92919
-2.92919
-2.93598
-2.93598
2.94278
-2.94618
2.94959
-2.94959
-2.94959
2.94959
2.9564
-2.9564
2.96323
2.96323
-2.97006
2.98034
2.98376
-2.98376
2.98376
2.9872
-2.99063
-2.99406
2.99406
-3.00094
-3.00439
3.00783
3.00783
3.01473
3.01818
-3.01818
-3.0251
3.0251
-3.0251
3.0251
3.02856
3.03202
3.03202
3.03548
3.03548
3.04589
-3.06677
3.07375
3.07725
3.07725
3.08074
3.08074
3.08424
-3.08774
3.08774
-3.09125
-3.09826
3.09826
-3.10177
3.10177
3.10177
3.1088
3.11232
-3.11584
3.12288
-3.12288
-3.12641
-3.12641
-3.12641
3.12994
3.13348
-3.14409
3.14409
-3.15117
-3.15117
3.15827
-3.15827
3.15827
3.16538
-3.16893
-3.17605
-3.17962
-3.17962
-3.18319
3.19033
3.1939
3.19748
-3.19748
3.20106
3.21181
-3.21181
-3.21899
-3.21899
-3.22618
3.22977
3.22977
3.23338
3.23698
-3.24058
-3.24419
-3.24419
3.2478
3.25142
-3.25503
-3.25503
3.25865
3.25865
3.25865
-3.26589
3.26952
3.26952
-3.27315
-3.29133
3.29133
3.29133
-3.29133
3.29497
3.29861
3.30226
-3.30591
3.30591
-3.30591
-3.30956
-3.31688
-3.31688
3.32054
-3.3242
3.33888
-3.33888
3.34255
3.34623
-3.34623
3.34623
3.34623
-3.34991
-3.35728
-3.35728
3.36835
-3.37204
3.37204
3.37574
3.37944
3.37944
-3.37944
3.38314
-3.38685
3.40169
-3.40913
-3.41285
3.41285
-3.4203
3.42403
-3.43524
-3.43898
-3.44272
-3.44272
3.44272
-3.44646
3.45771
3.45771
3.46147
-3.46523
3.46899
3.47275
3.47651
3.48028
-3.48405
3.48405
-3.48782
-3.48782
-3.48782
-3.4916
3.50672
-3.50672
3.50672
3.50672
-3.5143
-3.51809
3.51809
3.52569
3.53329
3.5409
3.5409
3.54471
-3.54471
-3.54853
3.55998
-3.5638
3.56763
-3.56763
-3.57529
-3.57529
-3.57912
-3.59064
-3.59833
3.60988
-3.61374
-3.61374
3.61374
3.62532
-3.62532
3.62532
3.64468
3.64856
3.65244
-3.65244
-3.66021
-3.6641
-3.6641
-3.67188
-3.68358
-3.68358
-3.6914
-3.6914
-3.69531
-3.69922
3.70705
3.71097
-3.71097
3.72275
3.72668
-3.72668
-3.73061
-3.73455
3.73455
-3.74242
-3.74242
-3.74637
3.75031
-3.75031
-3.76217
-3.76612
3.77008
-3.77008
-3.77008
3.77008
3.77801
-3.77801
3.78594
-3.78594
3.78991
3.80184
-3.80583
3.80981
-3.80981
-3.8138
3.81779
3.82578
3.82578
-3.82578
-3.83377
-3.83778
3.8498
3.8498
3.85381
-3.85381
3.85381
-3.87795
3.88198
3.88198
3.88601
-3.89409
-3.89409
-3.89409
3.89813
3.89813
3.90218
-3.90622
3.91433
-3.91433
-3.91433
3.91838
-3.93056
3.93056
-3.93869
-3.95092
-3.95499
-3.95907
3.95907
3.96316
-3.97543
-3.97952
-3.98772
3.98772
-3.99592
-4.00003
4.00003
4.01237
4.01649
-4.02061
4.02061
-4.02061
4.02886
-4.03299
-4.04539
-4.04953
4.06611
-4.06611
4.07027
4.07442
4.07858
-4.07858
4.08274
-4.09107
-4.09107
4.09524
4.09524
4.09524
-4.09941
-4.10358
-4.10776
-4.10776
4.11194
-4.11194
4.11612
-4.11612
-4.12449
4.12868
4.12868
4.13287
4.13287
-4.13707
4.14967
-4.14967
-4.15388
-4.15808
4.17073
4.18339
-4.18762
4.19185
-4.19185
-4.19608
4.19608
-4.20032
-4.20032
4.20032
4.20032
-4.20032
4.20455
-4.21304
4.21304
-4.22578
-4.23004
4.23004
-4.23429
4.23855
-4.23855
-4.23855
4.24282
-4.24282
4.24282
4.24708
-4.25135
-4.26417
-4.26845
4.27273
4.27701
-4.27701
-4.2813
-4.28559
4.28559
-4.28988
4.28988
4.29417
-4.30277
-4.30707
4.30707
-4.31138
-4.31138
4.31569
4.32
4.33295
-4.34592
-4.34592
4.36325
4.36325
4.3676
-4.3676
4.37194
4.37628
4.37628
-4.38499
-4.38934
-4.3937
-4.3937
-4.40678
4.41115
-4.41552
-4.42427
4.42865
-4.43303
-4.4418
4.45059
-4.45059
4.45059
4.45498
-4.45938
-4.46378
4.47259
4.47259
-4.477
4.48141
4.48141
-4.48583
4.48583
-4.48583
-4.48583
-4.49909
4.50794
4.51237
4.5168
-4.5168
-4.52124
4.52568
-4.53012
4.53457
4.53457
-4.54792
4.55237
4.55237
-4.55683
4.56129
4.57469
4.57469
-4.58364
-4.58812
-4.5926
4.5926
4.60157
-4.61055
-4.61505
-4.62404
4.62404
4.62855
-4.62855
4.64207
4.64659
4.6511
-4.65562
4.66015
-4.66015
-4.6692
4.67373
-4.67826
-4.67826
4.68734
-4.69643
-4.69643
-4.70552
4.71919
-4.71919
4.71919
4.71919
-4.71919
-4.72375
4.72832
4.73289
4.73746
-4.75118
-4.75118
4.76494
-4.76952
-4.77871
-4.77871
-4.78331
4.78331
4.78791
-4.78791
4.79252
4.79712
4.80173
-4.80634
4.80634
4.81558
4.81558
4.82482
-4.82482
-4.84798
-4.84798
4.85262
-4.85262
4.85726
4.86191
-4.86191
4.86656
-4.87587
-4.87587
-4.88985
4.88985
4.89918
-4.89918
4.90853
4.90853
4.91321
-4.92725
-4.93194
-4.93194
-4.93194
-4.93194
-4.94603
4.94603
4.95073
4.95073
-4.95543
-4.96014
4.96956
4.96956
-4.96956
-4.97427
-4.97427
4.98371
4.98843
4.98843
-4.99789
4.99789
-5.00735
5.01683
5.01683
5.02632
5.03107
5.03107
-5.03582
-5.04057
5.04057
-5.05009
5.06916
-5.06916
-5.07394
-5.07871
5.08349
-5.08349
5.08828
5.09785
5.11704
5.12665
-5.13146
5.13146
-5.13627
5.14108
-5.14108
-5.15555
5.17004
-5.17487
-5.18455
5.18455
5.18455
5.18939
5.19909
-5.2088
-5.21852
5.22825
5.23312
-5.238
-5.24287
-5.24287
5.24287
5.24775
-5.24775
-5.24775
5.24775
5.26241
5.2673
-5.2673
-5.27219
5.28689
5.28689
-5.2967
-5.2967
5.30161
5.30653
-5.30653
-5.31144
5.31636
5.32129
-5.32129
-5.32129
5.33114
5.33607
-5.34595
-5.34595
5.36573
5.37068
-5.38059
-5.38555
5.39052
-5.39052
-5.40543
5.4104
-5.4104
-5.41538
5.41538
-5.43034
-5.43034
5.43034
5.43533
-5.43533
-5.44032
5.44532
-5.46033
5.46033
5.46033
-5.46033
5.48038
5.49042
-5.49042
-5.49042
-5.49545
-5.49545
5.51055
5.51558
5.52063
5.52063
-5.53072
-5.53072
-5.54082
-5.54588
-5.54588
5.55094
-5.556
5.56106
-5.5712
5.5712
5.5712
-5.58135
5.58643
5.5966
-5.5966
5.5966
5.60169
-5.60169
5.61188
5.61698
-5.62208
-5.62208
5.62208
5.62208
5.64763
-5.64763
5.65275
-5.65275
5.65787
5.66299
-5.66299
5.66812
5.66812
-5.67839
5.67839
-5.67839
5.67839
-5.69895
-5.7041
5.72473
5.73506
5.74023
-5.74023
5.74023
5.74023
5.74541
5.75576
-5.76094
5.76613
-5.77132
-5.77132
-5.77132
-5.7817
5.79731
-5.79731
-5.80251
5.80251
5.80772
-5.81294
-5.81294
5.81294
-5.81815
-5.82859
-5.83905
5.84428
5.84951
-5.84951
-5.84951
5.85999
5.88098
-5.8915
5.90202
-5.91783
-5.91783
5.91783
-5.91783
5.92311
5.93896
-5.93896
-5.94425
5.94954
-5.94954
-5.97605
5.97605
-5.98136
-5.99199
-5.99199
5.99731
6.01329
6.01329
6.01329
6.01862
6.03464
6.03464
6.03998
6.03998
-6.04533
6.04533
6.04533
-6.04533
-6.05068
-6.06675
-6.07212
-6.07212
6.07748
-6.08823
6.0936
-6.09898
-6.09898
-6.10436
-6.10436
-6.11514
-6.12053
6.12053
-6.12592
-6.13132
6.13672
-6.13672
-6.14753
6.14753
6.15294
-6.15835
6.15835
6.17461
-6.17461
6.18004
-6.1909
6.1909
6.19633
-6.20721
6.20721
6.20721
-6.21266
6.2181
6.2181
-6.22901
-6.23447
-6.24539
-6.24539
-6.25632
6.25632
6.26727
-6.27275
-6.27275
-6.27275
6.27275
6.27823
-6.28372
-6.2947
-6.31119
6.31669
-6.3222
-6.32771
6.32771
6.33323
-6.33874
6.34979
6.34979
-6.37191
-6.37191
6.37191
6.37191
6.37191
-6.38299
6.38299
6.39408
-6.39963
6.39963
-6.40519
-6.40519
-6.41075
6.41075
-6.41631
6.42187
-6.42187
-6.42187
6.43301
-6.44974
-6.46091
-6.4665
-6.47769
-6.47769
-6.47769
6.5001
6.5001
6.50572
6.50572
6.51133
6.51133
-6.51695
6.53382
-6.53382
-6.53382
-6.53382
6.54509
-6.54509
6.55073
-6.55073
6.55637
-6.55637
6.55637
6.55637
-6.55637
-6.58462
6.59028
-6.59028
6.59594
-6.59594
6.60161
-6.60161
6.60161
-6.60161
6.60728
6.60728
6.61295
-6.61863
6.6243
-6.6243
-6.6243
-6.6243
-6.62999
6.63567
-6.63567
-6.63567
-6.64705
6.65275
6.66415
-6.66415
-6.66985
6.68127
6.70988
-6.70988
-6.70988
-6.71561
-6.71561
-6.71561
6.71561
-6.71561
6.72135
-6.73857
6.74431
-6.75582
-6.75582
6.75582
-6.75582
6.76158
-6.76734
-6.76734
6.7731
-6.77887
-6.77887
6.78463
-6.79041
-6.79041
6.80196
-6.80196
6.80775
6.81353
-6.81353
-6.81932
6.81932
6.81932
6.82511
-6.83091
-6.83091
-6.83091
-6.84832
-6.85413
6.85413
-6.85994
6.85994
6.85994
6.86575
-6.87157
-6.87157
-6.87157
6.8774
-6.8774
6.88905
6.89488
6.90072
6.9124
-6.9124
-6.91824
-6.92994
-6.9358
-6.94165
-6.95338
-6.95925
-6.97687
6.97687
6.98275
-6.98275
-6.98864
6.98864
6.98864
-6.99453
-6.99453
-7.00042
7.00631
7.01811
7.02401
-7.04175
-7.04175
7.04766
-7.05359
7.05359
-7.06544
7.07137
-7.0773
7.08918
-7.10107
-7.10107
7.10702
7.10702
-7.11893
-7.13682
-7.1428
7.14877
7.15475
-7.15475
-7.15475
7.17869
-7.17869
-7.20269
-7.20869
7.22072
7.22673
-7.23276
7.23276
7.24481
-7.24481
-7.25687
7.25687
7.26291
-7.26291
7.26895
-7.26895
7.27499
7.28104
-7.28709
7.29315
-7.30527
7.30527
-7.30527
-7.31133
7.3174
7.3174
-7.32347
-7.32347
7.32954
7.33562
-7.3417
7.3417
7.3417
7.34779
7.34779
7.35388
7.35388
-7.35388
-7.35997
7.35997
7.36606
-7.39047
7.39659
-7.40882
7.40882
-7.40882
7.41494
-7.41494
-7.41494
-7.42107
7.42107
7.42719
7.42719
-7.43333
-7.45174
-7.46404
7.46404
7.47019
7.47635
7.47635
-7.47635
7.47635
-7.4825
-7.48867
-7.49483
-7.501
-7.501
-7.501
7.501
-7.501
7.50718
-7.50718
7.51335
-7.52571
-7.5319
-7.54428
7.55048
-7.55048
-7.55668
-7.56909
7.5753
-7.58773
7.59395
-7.60018
7.6064
7.61263
-7.61887
-7.61887
7.61887
7.64384
7.65009
7.65009
7.65009
7.65635
7.65635
7.66261
-7.66887
-7.66887
7.66887
-7.66887
-7.67513
7.67513
-7.6814
-7.68767
7.68767
-7.68767
-7.69395
7.70023
-7.70023
7.71909
-7.71909
7.73168
7.73168
-7.73798
7.74428
-7.75059
-7.75059
7.75059
7.7569
7.7569
7.76953
7.77585
-7.77585
-7.78217
7.7885
-7.7885
7.79483
-7.79483
7.80116
-7.80116
7.8075
7.8075
-7.82019
-7.82654
-7.83289
-7.83924
-7.8456
-7.8456
-7.85196
7.85833
-7.87107
7.87107
-7.87107
-7.87107
-7.87107
-7.87107
-7.89021
-7.8966
-7.90938
7.90938
7.91578
7.92218
-7.92858
-7.93499
7.9414
-7.96066
7.96708
7.96708
-7.97351
7.97351
-7.97994
-7.97994
7.97994
-7.98638
-7.99926
8.00571
-8.00571
-8.01861
8.01861
8.04446
-8.04446
8.04446
-8.04446
-8.05093
8.05093
-8.05093
-8.0574
8.07036
8.07685
-8.08333
8.08983
-8.09632
8.09632
8.09632
-8.09632
8.10282
8.10932
-8.13537
8.14841
-8.14841
-8.16147
-8.16147
-8.16801
-8.17454
8.17454
8.18109
-8.18109
8.21385
-8.22041
8.22698
8.22698
8.22698
-8.28623
-8.29284
-8.29944
8.31928
-8.33252
8.34578
-8.35242
-8.35242
8.3657
8.37234
8.3923
8.39896
-8.39896
-8.40562
8.40562
-8.40562
8.41229
-8.41229
-8.43231
8.43899
8.43899
-8.44568
-8.45236
8.46575
-8.47915
-8.49928
8.506
8.506
8.506
-8.51272
-8.51272
8.51945
-8.51945
-8.51945
8.52617
-8.53291
-8.53291
8.54638
-8.55987
8.57337
8.58013
8.58689
8.58689
-8.58689
8.60042
-8.61397
-8.62075
8.63432
-8.63432
8.63432
-8.64111
-8.6547
-8.6547
-8.6547
8.6615
8.66831
-8.67511
8.68193
8.68874
8.69556
8.69556
8.70238
-8.70238
-8.72287
-8.72971
-8.73655
8.77081
8.77768
8.79141
8.79829
-8.79829
8.79829
-8.80517
8.81205
8.83272
-8.83961
8.86723
8.87415
-8.88107
8.88107
-8.89492
8.89492
-8.90185
-8.90878
-8.90878
-8.91572
8.92266
-8.92266
-8.92266
-8.93655
-8.9435
-8.95046
-8.95046
-8.95742
-8.96438
-8.97832
8.98529
-9.01323
9.01323
9.01323
9.02022
9.02022
9.02022
9.03422
-9.03422
9.04122
-9.04823
9.04823
9.05524
9.06927
9.08332
9.11851
-9.12556
9.12556
-9.13967
9.13967
-9.14673
9.14673
9.14673
9.15379
-9.16086
-9.16086
9.16086
-9.16793
9.17501
9.17501
9.20335
-9.20335
-9.20335
9.22464
9.22464
-9.22464
9.22464
-9.23175
9.23175
9.23886
-9.26021
-9.26733
-9.26733
9.27446
9.28159
9.28159
9.28873
-9.28873
-9.31016
-9.31731
9.32446
9.33162
9.33878
9.34595
-9.34595
9.36747
9.37465
9.37465
-9.38183
9.38902
9.39622
9.40341
-9.40341
9.41782
-9.43945
9.44667
9.45389
9.46112
9.46835
9.47559
9.50456
9.50456
-9.51182
-9.51908
9.54814
-9.54814
9.55542
9.55542
-9.5627
9.58457
-9.58457
9.61377
9.62109
-9.63572
9.65037
-9.66503
9.66503
9.66503
-9.67237
9.67972
9.68706
9.68706
9.68706
9.69441
-9.69441
9.70177
-9.70912
-9.70912
-9.73122
9.73859
9.74597
-9.74597
9.75335
9.75335
9.76074
9.79032
9.79032
-9.81996
-9.82738
9.8348
-9.84966
-9.8571
-9.89433
9.89433
-9.90926
9.92419
9.92419
-9.93167
9.93915
9.94663
9.95412
-9.95412
9.95412
9.96161
-9.96161
9.9691
9.9766
-9.99161
9.99912
-10.0142
10.0142
-10.0142
10.0292
-10.0292
10.0367
-10.0443
10.0443
10.0518
-10.0518
10.0593
-10.0744
-10.0895
10.1047
-10.1047
-10.1122
-10.1274
10.135
-10.135
-10.1426
-10.1502
-10.1502
-10.1729
10.1805
10.1882
-10.1882
-10.1882
-10.1958
-10.2034
10.2034
10.211
-10.2339
-10.2339
10.2492
-10.2798
10.2874
10.2874
10.2951
10.3028
10.3028
10.3028
-10.3181
-10.3181
-10.3181
10.3181
-10.3335
10.3412
10.3412
-10.3489
10.3566
10.3566
-10.3643
-10.3643
10.372
-10.3797
-10.3874
10.3951
10.3951
-10.4028
10.4028
10.4106
-10.4106
-10.4492
10.457
-10.457
-10.4647
10.5113
-10.5113
-10.5269
-10.5347
10.5659
-10.5815
-10.5815
-10.5815
-10.5893
10.5972
10.605
-10.6128
-10.6128
10.6207
-10.6285
10.6285
10.6363
10.6599
10.6678
10.6678
-10.6756
-10.6992
-10.6992
10.7071
-10.7466
-10.7466
-10.7545
10.7545
-10.7624
10.7703
10.7703
10.7703
-10.7782
10.7782
-10.794
-10.802
-10.8099
-10.8099
-10.8178
-10.8178
-10.8178
-10.8178
-10.8178
-10.8258
-10.8496
-10.8576
10.8576
10.8655
-10.8655
10.8655
10.8735
10.8735
10.8815
10.8815
-10.8895
10.8895
-10.8974
-10.9134
10.9374
10.9534
10.9694
10.9774
-10.9774
-10.9774
-10.9855
10.9935
-10.9935
-11.0096
11.0176
-11.0176
11.0256
11.0337
11.074
11.0821
-11.1306
-11.1387
-11.1468
11.1549
-11.163
11.1711
-11.1711
11.1711
-11.1793
11.1874
11.2118
-11.2199
-11.2281
11.2281
-11.2281
-11.2526
-11.2526
-11.2689
11.2771
11.2771
11.2771
-11.2852
-11.2852
11.2852
-11.2934
11.3098
-11.3098
11.318
11.3262
-11.3262
-11.3344
-11.3426
-11.3426
11.359
11.359
-11.359
-11.3673
-11.3673
11.3755
11.3755
-11.3837
-11.3837
11.4002
-11.4002
-11.4002
11.4084
-11.4167
11.4332
-11.4414
-11.4414
11.4497
11.4745
11.4828
11.4828
-11.4994
11.5325
11.5658
-11.5825
-11.5991
11.6075
11.6075
-11.6409
11.6493
-11.6493
11.6493
11.6493
-11.6576
-11.666
-11.666
11.6744
11.6911
-11.6911
-11.6995
-11.7163
-11.7163
-11.7163
11.7247
11.7331
11.7416
-11.75
-11.75
-11.7752
11.7837
11.8259
-11.8428
-11.8428
-11.8428
-11.8513
11.8598
-11.8598
11.8767
11.8767
-11.8767
-11.8852
11.8937
11.8937
-11.9022
11.9107
11.9277
-11.9277
11.9362
-11.9533
-11.9618
-11.9703
11.9788
11.9874
11.9874
11.9959
11.9959
12.0045
12.013
-12.0216
-12.0387
-12.0473
-12.0473
12.0558
12.0902
-12.0902
-12.0988
12.1074
-12.1074
12.1246
-12.1418
-12.1849
-12.1849
-12.1849
12.1936
-12.2195
12.2282
12.2282
-12.2369
12.2369
12.2716
12.2716
-12.2803
12.2889
-12.2889
-12.2889
12.2976
12.2976
12.2976
12.3238
12.3238
-12.3238
-12.3412
12.3412
-12.3412
12.3412
-12.3499
-12.3586
-12.3761
-12.3848
12.3936
12.4198
12.4286
-12.4374
12.4374
-12.4461
12.4461
-12.4461
-12.4637
-12.4813
-12.5077
-12.5077
-12.5165
-12.5253
-12.5606
12.5694
-12.5782
12.5871
-12.6048
12.6048
12.6136
-12.6136
12.6136
12.6225
12.6314
-12.6314
12.6846
12.6935
12.7024
-12.7114
12.7203
12.7203
12.7292
12.7381
12.7649
-12.7738
12.7738
-12.7917
12.8007
-12.8096
12.8096
-12.8186
12.8365
-12.8365
-12.8365
12.8365
-12.8365
-12.8365
12.8455
-12.8455
12.8545
12.8545
12.8724
-12.8724
-12.8904
12.8904
-12.9174
-12.9264
12.9264
-12.9355
12.9716
-12.9987
13.0078
13.0168
13.035
-13.035
13.044
-13.0622
-13.0622
-13.0804
13.0804
13.1077
-13.1077
13.1168
13.1168
-13.135
-13.1442
13.1442
-13.1533
-13.1533
13.1533
13.199
-13.2082
-13.2173
-13.2173
13.2356
13.2724
13.2816
-13.3
-13.3
-13.3
-13.3092
-13.3184
-13.3184
13.3184
13.3184
13.3368
13.3368
13.3368
13.3461
-13.3553
-13.3553
13.3553
13.3645
13.3645
-13.3738
13.3738
13.3923
-13.3923
-13.42
-13.4293
13.4664
-13.485
13.5036
-13.5129
-13.5222
-13.5316
-13.5316
-13.5409
-13.5409
-13.5502
13.5502
-13.5502
13.5502
13.5595
-13.5689
13.5782
-13.5876
13.5876
-13.5969
-13.6156
13.6156
13.625
13.6344
-13.6344
13.6344
-13.6437
13.6437
-13.6531
-13.6625
-13.7001
-13.7095
-13.7189
13.7378
13.7472
-13.7566
-13.7755
-13.7755
-13.7849
13.7944
-13.7944
13.7944
-13.8039
13.8228
-13.8323
-13.8512
13.8512
-13.8607
-13.8607
13.8797
13.8797
13.8987
-13.9082
13.9082
-13.9082
-13.9177
-13.9272
-13.9463
-13.9558
13.9653
13.9653
13.9844
13.9844
14.0035
14.0035
14.0035
-14.0131
-14.0227
14.0322
14.0706
-14.0802
14.0898
-14.0994
-14.0994
-14.109
14.1282
14.1282
-14.1378
-14.1571
14.1667
14.1667
14.186
14.2053
-14.2053
-14.2246
14.244
14.244
-14.2731
-14.2827
14.2924
-14.2924
-14.2924
-14.3216
14.3216
14.3216
-14.341
-14.3508
14.38
-14.4385
-14.4483
-14.4581
-14.4581
-14.4679
14.4777
14.4777
14.4777
14.4875
-14.4973
14.5169
-14.5169
14.5464
-14.5562
-14.566
14.566
14.5759
14.5857
-14.5857
14.5956
14.5956
-14.6054
14.6252
-14.6252
14.635
-14.6548
-14.6548
14.6548
14.6746
14.6845
-14.7142
-14.7241
-14.734
-14.744
-14.7539
14.7638
-14.7738
-14.7837
14.7937
-14.7937
-14.7937
-14.8136
-14.8435
-14.8435
-14.8535
14.8634
14.8734
-14.8834
14.8934
-14.8934
-14.9034
-14.9034
-14.9034
-14.9134
-14.9134
14.9335
14.9535
-14.9535
-14.9636
14.9736
14.9837
-15.0038
15.0038
15.0038
15.0038
-15.0138
-15.0138
15.0239
15.0239
15.0239
15.034
15.044
-15.0642
15.0743
-15.0844
-15.0844
-15.0945
15.1046
15.1147
-15.1248
-15.1248
15.1349
15.1349
15.1552
15.1653
15.1653
15.1755
15.1755
-15.1755
-15.1856
-15.2059
-15.2059
15.2161
15.2263
-15.2263
-15.2263
-15.2364
15.2466
15.2568
-15.2568
-15.267
15.267
15.2772
-15.2874
-15.2874
-15.2976
-15.318
-15.3486
15.3691
-15.3896
-15.3896
15.3896
-15.3896
-15.4101
-15.4204
-15.4409
-15.4409
15.4512
15.4512
15.4615
-15.4615
-15.482
-15.482
-15.4923
-15.4923
-15.513
-15.5233
-15.5233
15.5336
-15.5336
-15.5439
-15.5439
15.5646
15.5749
15.5749
15.5853
15.5956
-15.6163
-15.6682
15.689
15.6994
-15.6994
15.7098
15.7202
15.741
-15.7515
15.7515
-15.7515
15.7619
-15.7619
-15.7619
15.7723
15.7828
-15.7932
-15.8246
-15.835
15.835
15.835
-15.856
-15.856
-15.8665
15.8875
15.8875
15.898
-15.9295
-15.9295
-15.9295
-15.94
15.9611
-15.9611
-15.9611
15.9821
15.9927
-16.0032
16.0349
16.0666
-16.0772
16.0878
16.109
16.1409
16.1409
16.1728
-16.194
16.194
-16.194
16.2047
16.2154
16.2367
16.2367
-16.2367
-16.2473
-16.2794
-16.2794
-16.2901
16.3008
16.3008
16.3008
16.3115
-16.3222
-16.3329
-16.3329
-16.3651
16.3758
-16.3758
-16.3758
16.3866
16.3866
-16.4081
-16.4188
-16.4188
-16.4296
-16.4511
-16.4511
-16.4511
16.4619
16.4619
16.4619
-16.4835
-16.5051
16.5159
-16.5375
16.5375
16.5483
16.57
16.57
16.57
16.5916
-16.6133
16.6133
-16.6459
-16.6459
-16.6568
-16.6568
16.6677
16.6786
-16.6894
-16.7003
-16.7221
-16.7221
-16.7331
-16.7331
16.7331
16.7658
16.7877
16.7877
16.7877
16.8205
16.8315
-16.8315
-16.8315
16.8425
16.8534
16.8534
-16.8534
16.8644
16.8644
16.8644
16.8864
-16.8974
16.9194
-16.9194
16.9304
16.9414
16.9524
-16.9634
16.9634
16.9965
-17.0076
-17.0186
-17.0297
17.0297
17.0518
17.0851
17.1184
17.1295
-17.1406
17.1517
-17.1628
17.1851
17.1851
-17.2074
-17.2185
-17.2185
17.2408
17.252
17.2632
17.2743
17.2743
17.2855
17.2855
-17.2855
17.2967
17.3079
-17.3079
17.3079
-17.3191
17.3303
-17.3303
17.3527
-17.3752
17.3752
17.4089
-17.4089
-17.4201
17.4539
-17.4878
-17.4878
17.4878
17.4878
17.5216
-17.5329
-17.5556
17.6009
-17.6122
17.6122
17.6122
-17.6349
17.6463
-17.669
17.669
-17.6918
17.6918
-17.6918
-17.7146
-17.7146
17.7488
17.7488
-17.7488
17.7602
17.7602
-17.7716
17.7716
-17.783
-17.783
-17.783
-17.7945
17.7945
-17.8059
17.8059
-17.8059
-17.8059
17.8059
17.8174
17.8174
-17.8632
-17.8861
-17.9091
17.9206
-17.9206
17.9551
-17.9666
17.9782
17.9782
17.9782
-17.9897
-18.0012
18.0012
-18.0012
-18.0243
18.0243
18.0359
-18.0474
-18.059
18.0706
18.1053
18.1517
-18.1633
18.1749
-18.1866
-18.1866
-18.2215
18.2215
-18.2331
18.2564
-18.2681
-18.2914
-18.2914
-18.3265
-18.3265
-18.3382
18.3499
-18.3733
18.4085
18.4203
18.4203
-18.432
-18.4438
-18.4438
18.4555
-18.479
-18.5262
-18.597
18.6326
-18.6326
18.6326
-18.6444
18.6444
18.6444
-18.68
18.7275
18.7275
18.7394
18.7394
-18.7513
18.7513
-18.7632
18.7751
-18.7751
18.7751
18.8348
-18.8826
18.8946
18.9066
18.9066
18.9185
18.9185
-18.9185
18.9305
-18.9425
18.9545
18.9545
-18.9786
-18.9786
18.9786
-18.9906
18.9906
19.0146
-19.0267
19.0508
19.0749
-19.0869
-19.099
-19.099
-19.099
-19.1111
-19.1232
-19.1232
-19.1595
19.1595
19.1595
-19.1716
19.22
-19.2322
19.2322
19.2565
-19.2686
-19.2808
19.3051
-19.3051
19.3295
19.3295
19.3539
-19.3539
-19.3661
19.3783
-19.3783
19.3783
-19.3905
-19.4149
-19.4394
19.4517
19.4639
-19.4762
19.5007
19.513
-19.513
19.5252
19.5252
19.5375
-19.5375
-19.5621
-19.5621
-19.5991
-19.6114
19.6114
-19.6114
19.6237
-19.6237
19.636
19.6484
19.6607
-19.6978
-19.7102
-19.7102
-19.7349
-19.7349
-19.7597
-19.7721
19.7969
-19.8466
19.8715
-19.8715
19.9089
19.9463
19.9964
19.9964
20.0089
20.0465
20.0465
-20.059
-20.059
-20.0841
-20.1092
20.1344
-20.1469
-20.1469
20.1595
20.1595
-20.1721
20.1721
-20.1721
-20.21
-20.21
20.2226
20.2226
-20.2352
-20.2352
-20.2605
-20.2731
20.3238
20.3364
-20.3491
-20.3745
20.3872
20.4126
20.4126
20.4253
-20.4253
20.4381
20.4508
20.489
20.489
20.5145
-20.5273
20.5401
-20.5656
-20.604
-20.604
20.6169
-20.6297
20.6297
20.6553
-20.6553
-20.6682
20.681
20.6939
-20.7067
20.7582
20.7582
20.7582
20.784
20.784
-20.7969
20.7969
-20.8098
20.8098
-20.8227
-20.8227
20.8227
-20.8227
-20.8356
20.8485
20.8615
20.8744
-20.8744
20.8744
20.8874
-20.8874
-20.9003
-20.9003
20.9133
20.9133
-20.9133
-20.9262
-20.9522
-20.9522
21.0171
-21.0171
21.0171
21.0302
-21.0432
21.0432
-21.0823
21.0953
-21.0953
-21.0953
-21.0953
-21.1084
-21.1476
-21.1606
-21.1606
21.1606
-21.1868
21.1868
21.213
-21.213
-21.2261
-21.2655
-21.2786
21.2786
21.2786
21.2918
21.2918
-21.2918
-21.3049
21.3049
21.3049
-21.3444
-21.4367
21.4499
21.4499
-21.4632
-21.4632
21.5029
-21.5161
-21.5161
21.5294
21.5294
21.5426
21.5692
21.5825
21.5958
-21.5958
-21.6091
-21.6091
-21.6224
-21.6224
-21.6357
21.649
21.6756
21.6756
-21.689
-21.7023
21.7023
21.7557
21.7691
21.7959
-21.7959
-21.8093
-21.8093
-21.8227
-21.8227
21.8361
21.8361
21.8361
21.8495
-21.8495
-21.8897
-21.8897
21.8897
-21.9032
21.9032
21.9032
21.9032
21.9301
-21.9435
-21.9705
-21.9974
-22.0109
-22.0244
-22.0244
22.065
22.0785
22.092
22.1191
22.1191
22.1191
-22.1462
-22.1462
22.1462
-22.1598
22.1869
22.1869
-22.2141
22.2141
22.2277
22.2413
22.2413
-22.3367
-22.364
22.405
-22.405
-22.4187
22.4187
22.4324
-22.4461
-22.4461
-22.4461
-22.4598
-22.4598
22.4735
22.4735
-22.4872
-22.4872
22.501
22.556
-22.556
-22.556
22.5835
22.5973
22.611
-22.611
-22.6386
-22.6386
22.6386
-22.6524
-22.6662
-22.6662
-22.6801
22.7354
22.7492
22.7908
-22.8047
-22.8325
22.8325
-22.8325
22.8464
22.8742
22.902
22.9299
-22.9299
-22.9578
22.9857
-22.9997
22.9997
-22.9997
22.9997
23.0137
-23.0276
-23.0276
23.0556
23.0556
-23.0696
-23.0836
23.1538
-23.1538
-23.196
-23.2101
23.2382
23.2664
23.2664
23.2664
23.2805
23.3229
23.337
23.337
-23.3512
-23.3653
23.3795
-23.422
23.4362
-23.4503
23.4645
-23.4787
-23.5072
23.5214
23.5214
-23.5214
23.5356
23.5356
-23.5499
23.5641
-23.5784
23.5784
-23.6069
-23.6212
23.6354
23.6497
-23.664
23.664
-23.664
-23.6783
-23.6783
23.7213
-23.7356
-23.7356
23.7499
-23.7643
-23.7786
-23.793
-23.8217
-23.8217
23.8361
23.8505
-23.8649
-23.8649
23.8937
23.9081
-23.9225
23.9369
23.9514
-23.9514
23.9658
-23.9658
-24.0236
24.0381
24.0381
-24.0381
-24.0526
-24.0961
24.0961
24.1106
-24.1396
-24.1542
-24.1542
24.1687
24.1687
-24.1832
24.2124
-24.2124
24.2415
-24.2415
24.2561
-24.2561
-24.2707
-24.2853
24.2853
24.2999
24.2999
24.2999
-24.3145
24.3145
24.3291
24.373
-24.373
-24.4463
24.461
24.461
-24.4756
-24.4903
24.4903
-24.5345
-24.5345
24.5345
-24.5639
24.6082
-24.6229
-24.6377
-24.6377
-24.6525
-24.6525
-24.682
-24.682
24.682
-24.6968
24.7116
24.7116
24.7264
24.7264
-24.7264
24.7709
-24.7709
24.8006
24.8006
24.8303
-24.86
-24.86
24.8749
24.9047
24.9196
24.9345
-24.9345
24.9345
-24.9345
-24.9793
24.9942
25.0092
25.0241
25.0391
25.0541
25.084
25.084
-25.084
25.099
-25.114
-25.129
25.144
25.144
-25.1591
25.1891
-25.1891
25.1891
25.1891
25.2192
25.2192
25.2192
-25.2192
-25.2343
25.2343
25.2493
-25.2644
25.2644
-25.2795
-25.2795
25.2946
25.2946
25.2946
-25.3247
-25.3247
25.3399
-25.3701
25.4004
25.4004
25.4155
-25.4307
25.4307
25.4458
-25.461
25.461
-25.4762
25.4762
25.4913
25.4913
-25.4913
-25.4913
-25.5369
-25.5521
25.5673
25.613
25.6435
25.6435
25.6741
25.7199
25.7352
25.7505
-25.7659
-25.7812
25.7812
-25.7812
-25.8118
25.8425
-25.8579
-25.8579
-25.9194
25.9502
-25.9656
-25.9656
25.9656
25.9965
-26.0119
-26.0119
-26.0273
-26.0428
-26.0582
-26.0737
-26.0892
26.1047
26.1201
26.1977
26.2288
26.2754
-26.3066
-26.3066
26.3222
-26.3377
-26.369
26.369
26.369
-26.3846
26.3846
26.4158
-26.4158
-26.4158
-26.4158
-26.4315
-26.4315
-26.4941
26.5098
-26.5411
26.5568
26.604
-26.6512
-26.6669
26.6985
-26.7458
-26.7774
26.7932
-26.8091
26.8091
-26.8249
26.8249
26.8407
26.8407
-26.8407
-26.8883
26.9041
-26.9041
-26.92
-26.92
26.9359
-26.9359
-26.9518
26.9677
26.9677
-26.9836
26.9995
26.9995
-26.9995
27.0154
-27.0154
-27.0314
-27.0314
27.0473
-27.0952
27.1271
-27.1271
-27.1751
27.1911
27.1911
27.2071
-27.2231
27.2391
-27.2552
-27.2552
27.2552
-27.2712
27.2873
-27.3033
-27.3838
27.3838
27.3999
27.416
-27.416
27.4644
27.4805
-27.4805
27.4967
27.5129
-27.5129
27.5129
-27.529
27.5452
-27.5452
-27.5452
27.5452
27.5938
27.61
27.6262
27.6587
27.6749
-27.6749
-27.6749
-27.6749
-27.6912
27.6912
27.7074
-27.7237
27.7237
-27.7237
-27.7725
27.7888
-27.8215
27.8378
-27.8541
27.8541
-27.9031
-27.9031
-27.9195
27.9359
27.9523
-27.9686
28.0014
28.0178
28.0671
28.0836
-28.1329
-28.1329
28.1824
-28.1989
28.1989
-28.1989
28.1989
28.1989
-28.2484
28.2484
28.2649
-28.298
28.298
28.298
28.3311
-28.3643
-28.3643
28.3809
28.3809
28.3975
28.4307
-28.4639
28.4806
-28.4806
28.5138
-28.5305
28.5305
28.5472
-28.5972
-28.5972
28.6139
28.6473
28.6473
28.731
-28.731
28.7478
-28.7478
-28.7646
28.7646
-28.7646
-28.7814
28.7981
28.8149
28.8149
-28.8317
28.8317
28.8486
28.8654
-28.899
-28.899
28.9159
-28.9327
-28.9327
28.9496
28.9496
28.9665
-28.9834
29.0002
-29.034
29.034
-29.051
29.051
29.051
29.0679
-29.0848
-29.1017
29.1187
-29.1187
-29.1356
-29.1526
29.1526
29.2035
29.2205
-29.2375
29.2716
-29.2716
29.3227
29.3909
-29.408
-29.408
29.4251
29.4422
29.4765
29.4765
-29.4936
29.4936
-29.5107
-29.5279
-29.5279
29.5622
29.5793
29.5965
-29.6137
-29.6309
-29.6653
29.6653
-29.6825
29.6825
-29.6825
-29.717
29.717
29.717
29.7342
-29.786
-29.8206
-29.8379
29.8725
29.8725
-29.9072
-29.9072
29.9245
-29.9418
-29.9592
-29.9766
-29.9766
29.9939
29.9939
-30.0287
-30.0635
30.0635
-30.0809
-30.1332
30.1332
30.1507
30.1856
30.238
-30.238
30.2555
30.2555
30.2555
-30.273
-30.2906
30.3607
-30.3607
-30.3958
-30.4134
30.4134
-30.4838
30.5014
-30.5367
-30.5367
-30.5543
30.5543
-30.572
30.5896
-30.6073
30.625
-30.6427
30.6427
30.6781
-30.6958
-30.7135
30.7135
30.7135
30.7667
30.7845
30.82
-30.8378
30.8378
30.8378
-30.8556
-30.8556
-30.8912
30.909
30.909
30.909
30.9269
30.9804
-30.9804
31.0161
31.0698
-31.0698
-31.0698
31.0877
-31.1056
31.1235
31.1235
-31.1415
31.1415
31.1594
31.1774
-31.1774
31.1953
31.1953
-31.2313
-31.2313
31.2672
-31.2672
31.2672
-31.3033
31.3033
-31.3033
31.3213
-31.3213
-31.3393
31.3393
-31.3393
31.3573
-31.3754
-31.3934
-31.3934
31.4115
31.4115
31.4115
31.4477
-31.4839
-31.502
31.502
31.502
31.5201
31.5201
31.5382
-31.5563
-31.5563
-31.5563
-31.6108
-31.629
-31.6472
-31.6653
-31.6835
31.7017
31.72
-31.7382
31.7564
31.7564
-31.7564
31.7747
-31.7747
-31.8112
-31.8294
-31.9026
31.9209
-31.9759
-31.9759
31.9943
-31.9943
31.9943
31.9943
32.0126
-32.0494
-32.1229
-32.1414
32.1414
-32.1414
-32.1414
-32.1598
32.1598
32.1782
32.1967
32.1967
32.2151
32.2336
-32.2336
-32.2706
-32.2891
32.2891
32.3076
32.3076
-32.3076
-32.3076
32.3261
32.3446
-32.3446
-32.3631
-32.3631
32.3817
-32.3817
-32.4002
32.4559
32.4745
32.4931
32.4931
-32.5117
32.5117
-32.5117
32.5117
32.5303
32.5489
-32.5676
32.6048
32.6422
-32.6422
32.6608
32.6795
32.6795
32.6982
-32.7356
-32.7544
-32.7918
32.8106
32.8106
32.8481
32.8481
32.8669
32.8669
-32.8857
-32.9045
-32.9233
-32.9233
-32.9421
-32.9609
32.9986
-33.0174
-33.074
-33.0929
-33.0929
33.1118
33.1118
-33.1307
33.1496
33.1875
-33.1875
-33.2064
-33.2064
-33.2064
33.2064
-33.2633
-33.2633
33.2823
-33.2823
-33.3013
-33.3013
-33.3203
-33.3964
-33.3964
33.3964
33.4154
33.4154
-33.4726
-33.4917
33.4917
-33.549
33.549
-33.5873
33.6064
33.6064
-33.6447
33.6447
-33.6639
33.7022
-33.7022
-33.7214
-33.7214
33.7406
33.7599
33.7983
-33.8753
-33.9139
33.9332
33.9332
33.9525
33.9525
33.9718
-34.0105
34.0492
-34.0686
-34.0686
-34.088
34.088
34.1267
34.1267
34.1461
34.1656
34.185
-34.2433
34.2628
34.2628
34.3017
-34.3212
34.3407
-34.3602
-34.3602
-34.3797
34.3993
-34.4188
-34.4188
34.4384
34.4775
-34.4775
-34.5362
34.5559
-34.5559
-34.5559
34.5559
-34.6344
34.6344
34.654
-34.654
34.6934
-34.7131
-34.7327
-34.7524
34.7919
34.7919
-34.7919
-34.8314
34.8511
-34.8511
34.8709
-34.8906
34.9104
-34.9302
-34.9302
-34.9698
-34.9896
-34.9896
35.0492
35.0492
-35.0492
-35.069
35.0889
35.0889
35.1486
35.1486
35.1685
-35.2083
-35.2083
-35.2282
35.2282
35.2282
35.2682
-35.3081
35.3281
-35.3481
-35.3481
-35.3481
35.3681
-35.3681
-35.3881
-35.3881
-35.4282
35.4683
-35.5084
-35.5285
35.5285
35.5486
35.5687
35.5888
35.5888
35.6089
35.6492
35.6492
35.6694
-35.6694
-35.6895
35.6895
35.7703
-35.8107
35.8512
35.8512
35.8512
35.8715
35.8715
-35.8715
35.9323
-35.9729
35.9932
36.0746
36.0746
36.1765
36.1765
36.1969
-36.1969
36.2378
36.2378
-36.2582
36.2991
-36.3196
36.3606
36.3606
36.3606
36.4016
-36.4427
36.4838
-36.4838
-36.5249
-36.5455
-36.6073
36.6693
-36.6899
-36.6899
36.7106
36.7934
36.7934
36.8141
-36.8556
36.8763
-36.8971
36.9178
36.9178
36.9178
36.9594
-36.9802
36.9802
-37.0219
37.0635
37.0635
37.1053
37.147
-37.1679
-37.1679
-37.1888
-37.2097
37.2097
37.2307
37.2516
-37.2516
37.2935
-37.3145
-37.3354
37.3564
37.3774
37.4195
-37.4615
-37.4615
-37.4615
-37.4826
-37.5458
-37.5458
37.5669
37.588
-37.6091
-37.6725
-37.6937
37.7149
37.736
-37.736
-37.7572
-37.7572
37.7996
-37.8633
37.8633
37.8633
37.9697
37.9697
-37.991
-37.991
-38.0336
38.0336
-38.055
-38.055
38.055
38.0763
38.0977
38.119
-38.1404
38.1404
38.1404
38.1618
38.1832
38.2046
38.2046
38.226
38.226
-38.2689
-38.2689
-38.2903
-38.3118
-38.3118
38.3333
-38.3548
-38.3548
-38.3763
-38.3978
38.3978
38.3978
-38.4193
-38.4193
38.4408
-38.4624
38.4839
-38.527
38.5486
38.5486
38.5702
-38.5918
-38.6134
-38.635
-38.7
-38.7
-38.7216
-38.7216
38.7433
38.7433
38.765
38.8084
38.8084
38.8301
-38.8519
38.8519
-38.8736
38.8736
-38.8954
-38.8954
-38.9389
38.9825
-39.0043
-39.0479
-39.0916
39.0916
-39.1135
39.1135
-39.1135
39.1354
39.1354
-39.1573
39.2011
-39.2011
-39.223
-39.2668
-39.2668
39.3107
39.3327
-39.3547
-39.3987
39.4207
-39.4207
-39.4427
-39.4427
-39.4648
-39.5089
-39.531
39.531
-39.531
-39.531
39.5751
-39.6193
39.6415
-39.6858
39.6858
39.7079
39.7301
-39.7523
39.7745
-39.7745
39.7745
-39.7745
-39.7967
-39.7967
39.7967
39.8411
39.8633
39.8856
-39.8856
-39.9301
-39.9524
39.9524
39.9524
40.0193
-40.0639
-40.0863
40.1087
-40.1087
40.131
40.1982
40.1982
-40.2206
40.2206
-40.2655
40.2655
-40.3104
40.3329
-40.4003
-40.4228
-40.4228
-40.4454
40.4905
-40.513
-40.5582
40.5808
-40.6034
40.626
40.6486
40.6939
-40.6939
40.7166
-40.7846
-40.8983
40.8983
40.9438
-40.9894
40.9894
41.0122
41.0122
41.0122
41.035
41.035
41.0579
-41.0807
41.0807
-41.1036
-41.1036
-41.1264
-41.1493
-41.1493
-41.1951
-41.218
-41.2409
41.2409
41.3098
-41.3098
-41.3787
-41.4017
-41.4247
-41.4247
-41.4247
-41.4247
41.4708
-41.4708
-41.4708
-41.4939
41.5169
-41.54
-41.5862
41.6324
-41.6556
-41.6556
-41.725
41.725
-41.7482
-41.7482
-41.7482
-41.7482
41.7714
-41.7946
-41.8178
-41.8643
-41.8643
41.8643
-41.8875
-41.934
41.934
-41.934
41.934
41.9573
-42.0273
42.0506
42.1206
42.144
-42.144
42.1674
42.1908
-42.2377
42.2377
42.2611
-42.2611
42.308
-42.3315
-42.3315
42.355
-42.4255
42.449
-42.4961
42.5432
-42.5904
-42.5904
42.5904
-42.6141
42.6377
-42.6377
-42.6613
42.685
42.685
42.7086
42.7086
42.7797
-42.7797
-42.8034
42.8034
-42.8271
-42.8746
-42.9697
42.9697
43.0411
43.1127
-43.1127
43.1366
-43.1605
43.1844
43.2083
43.2083
-43.2322
-43.2561
-43.2801
-43.328
-43.328
43.352
43.352
-43.376
43.376
43.4
-43.424
43.424
-43.4481
-43.4481
43.4962
43.4962
-43.5203
-43.5203
-43.5443
43.5684
43.5684
-43.5925
-43.5925
-43.6167
-43.6167
43.6408
-43.6891
-43.7133
43.7133
-43.7374
-43.7858
43.8101
-43.8585
43.907
43.9313
-43.9799
-44.0042
44.0286
44.0286
-44.0529
-44.0772
-44.126
44.126
-44.126
44.1504
-44.1504
-44.1748
44.1748
-44.2236
-44.2236
-44.2481
44.2725
44.297
-44.3214
-44.3214
44.3459
-44.4195
-44.4195
-44.4195
44.444
-44.4686
-44.4686
-44.4931
44.5177
-44.5177
-44.5177
-44.5915
-44.5915
44.6408
-44.6654
-44.6901
-44.7147
-44.7394
44.7394
-44.7888
-44.7888
44.7888
-44.8136
44.8383
-44.8383
44.9374
44.9374
-44.9622
45.0366
-45.0615
45.0864
45.1859
45.2607
-45.2857
45.2857
-45.3107
-45.3357
-45.3357
-45.3357
-45.3357
-45.3357
-45.3607
-45.3607
45.3857
45.3857
-45.4107
-45.4107
45.4859
-45.5612
45.5612
-45.5863
45.5863
-45.6114
-45.6114
-45.6114
45.6114
45.6617
-45.712
45.712
45.7372
-45.7877
45.8634
45.8634
-45.8887
-45.8887
45.9646
46.0152
-46.0152
46.0152
-46.0659
46.0659
46.0659
46.1167
-46.1675
-46.1929
-46.1929
46.2184
-46.2438
46.2438
-46.2947
46.3202
-46.3202
-46.3202
46.3457
-46.3457
46.3457
46.3457
46.3968
46.3968
46.4223
-46.4734
46.5502
46.5758
46.6015
-46.6271
46.6271
46.6785
46.7041
46.7041
-46.7555
-46.7813
46.807
46.807
-46.8328
46.8585
-46.8585
46.8843
46.8843
46.9359
-46.9617
-47.0134
47.091
47.1169
-47.1428
-47.1947
47.2466
47.2466
47.2725
-47.3506
-47.3506
47.3766
47.4547
47.4808
-47.5069
47.6376
-47.6638
47.69
-47.69
47.7424
47.7424
47.7424
-47.7686
-47.7686
47.8474
47.8737
-47.9
47.9263
47.9263
47.9526
-47.9526
-47.9789
-47.9789
48.058
48.0844
-48.0844
48.1108
48.1108
48.1372
-48.1637
48.1637
-48.1637
48.1637
-48.2166
-48.243
-48.243
-48.243
-48.2695
48.3225
-48.3225
48.3756
-48.4022
-48.4287
48.5085
-48.5085
-48.5351
-48.5884
-48.6151
48.6151
48.6151
-48.6418
-48.6684
-48.6951
48.6951
-48.6951
48.7753
-48.8021
48.8021
-48.8825
-48.9361
48.9629
48.9898
48.9898
49.0167
-49.0167
49.0167
-49.0167
-49.0435
49.0435
-49.0435
-49.0974
-49.0974
49.1512
-49.1512
-49.1782
-49.2591
-49.3131
49.3131
-49.3131
-49.3131
49.3131
49.3402
-49.3943
49.4214
49.4214
-49.4485
-49.4485
49.5027
-49.5027
49.5298
49.557
49.5841
-49.5841
49.6385
-49.6657
49.7201
-49.7201
-49.7201
-49.7474
49.7746
-49.7746
-49.8292
-49.8838
-49.8838
-49.9111
-49.9385
-49.9932
50.0206
-50.1028
50.2402
50.2677
50.2952
50.2952
50.2952
-50.2952
50.3503
50.3779
50.4331
50.4883
-50.516
50.516
50.5713
-50.5713
50.5713
-50.6544
50.6544
-50.6544
50.7376
50.7376
50.7932
-50.821
-50.8766
50.9045
-50.9323
50.9602
50.9602
-51.016
-51.016
-51.0439
-51.0998
-51.0998
51.0998
51.1557
-51.1557
-51.1837
51.2117
51.2677
51.3519
-51.38
-51.38
51.38
-51.4081
-51.4081
-51.4362
51.4362
-51.4362
-51.4644
-51.4644
51.4925
-51.4925
-51.5207
-51.577
51.6052
51.6052
-51.6052
51.6617
51.6617
-51.6899
51.7465
-51.7748
51.7748
-51.8031
51.8031
-51.8314
51.8597
-51.8881
51.8881
51.8881
51.9448
-51.9448
-51.9448
-51.9732
51.9732
51.9732
52.0585
-52.0585
-52.0585
52.0585
-52.087
-52.2009
52.2009
-52.2295
52.258
52.258
52.3437
52.401
-52.401
52.4296
52.6017
52.6304
-52.6304
52.6304
-52.6304
-52.7456
52.7744
-52.7744
-52.7744
-52.8032
52.832
52.832
52.8609
52.8609
52.9187
52.9187
52.9476
52.9765
-52.9765
52.9765
-53.0054
53.0344
53.0344
53.0633
-53.0923
53.1503
53.1793
53.2374
-53.3829
53.4412
53.4412
-53.5288
53.558
53.5873
-53.6165
-53.6165
53.6458
-53.763
-53.763
53.763
-53.8511
-53.8511
-53.9393
53.9687
-53.9687
-53.9687
53.9982
-53.9982
-54.0277
54.0277
-54.1162
54.1752
-54.2048
54.2344
54.2936
54.3825
-54.4121
-54.4121
54.4121
54.4418
-54.4418
54.4715
54.4715
-54.5607
-54.5905
54.6203
-54.6203
54.6799
54.7097
-54.7097
54.859
-54.889
54.889
54.9189
54.9189
-54.9488
54.9788
-54.9788
55.0388
55.0388
-55.1289
55.1289
-55.1589
55.2492
-55.2492
-55.2492
-55.2492
55.2793
55.2793
-55.4907
55.4907
-55.4907
55.5209
55.5209
-55.5512
55.5512
55.5815
-55.5815
-55.6118
-55.6421
-55.9156
56.0071
56.0071
56.1293
-56.1905
-56.1905
56.1905
-56.2517
56.2517
56.2824
56.313
-56.4051
-56.4666
-56.4666
56.5282
-56.559
56.5898
-56.6206
-56.6515
56.7132
56.7441
-56.8059
-56.9298
56.9608
-57.054
57.1161
-57.1161
57.1472
57.1472
57.1472
57.1784
57.1784
-57.2095
57.2407
57.303
57.3655
-57.3967
57.4905
57.4905
-57.4905
57.6159
-57.6159
57.6159
57.6786
57.71
-57.7729
57.7729
-57.8044
-57.8358
-57.8673
57.8673
57.8988
-57.8988
-57.8988
-57.9304
57.9619
-57.9935
-57.9935
-57.9935
58.0566
58.0566
58.0566
58.1199
58.1515
58.1832
-58.1832
58.2148
-58.2782
-58.2782
-58.31
-58.31
-58.31
58.4052
58.4052
58.4688
-58.4688
-58.4688
-58.5007
-58.5325
-58.5963
-58.6281
58.6601
-58.7239
-58.7879
-58.8199
-58.8519
-58.8839
58.916
-58.948
-58.948
-58.948
-58.948
58.948
-59.0122
-59.0122
59.0443
59.1086
59.173
-59.173
59.173
-59.2374
59.2374
-59.2374
59.3019
59.3019
59.3019
59.3019
59.3342
-59.3342
59.4311
59.4311
59.4634
-59.5282
-59.593
59.7878
59.918
60.0485
-60.0812
-60.0812
60.1139
-60.1139
-60.1466
60.1466
-60.2776
60.2776
-60.3432
60.376
60.4417
60.4417
-60.5404
60.5404
60.5734
-60.5734
-60.6723
60.7053
-60.7053
-60.7383
-60.8044
-60.8375
60.8375
-60.8706
60.9368
60.9368
61.0031
-61.0031
-61.136
-61.1692
61.1692
61.2025
61.2691
61.2691
61.3024
-61.3024
61.3691
-61.3691
-61.4025
-61.4025
61.4359
61.4693
-61.5362
61.6032
61.6032
61.6032
-61.6032
-61.6702
-61.6702
61.6702
61.7037
61.7373
61.8045
61.8381
61.939
61.939
61.9727
-62.0064
-62.0064
-62.0064
62.0401
-62.1414
62.1414
-62.1752
62.209
-62.2429
-62.2429
-62.2429
62.2767
-62.3106
62.3784
-62.4462
-62.5142
62.5482
-62.5822
-62.5822
62.6162
-62.6162
-62.6844
62.7185
62.8892
62.9234
-62.9576
-62.9918
63.0604
63.1633
-63.232
63.2664
63.3008
-63.3352
63.3352
63.3697
-63.3697
-63.3697
-63.4041
-63.4041
-63.4731
-63.5422
-63.5422
-63.5422
-63.5767
-63.5767
63.6459
-63.7151
-63.7498
63.7844
63.8538
63.9581
64.0276
64.0276
64.0973
-64.0973
64.1322
-64.1322
-64.167
-64.2019
-64.2368
-64.2368
-64.2718
64.3417
64.3417
64.3417
64.4467
-64.4467
-64.4818
-64.4818
-64.4818
64.5168
64.5168
-64.5519
64.6221
-64.6924
-64.798
-64.8685
-64.8685
-64.8685
-64.9038
64.9038
64.9038
64.9391
64.9391
64.9744
65.0098
-65.0805
-65.0805
-65.1159
-65.1867
-65.3286
-65.3286
65.3642
-65.3642
-65.3997
65.4709
65.4709
65.5065
-65.5065
65.5065
-65.5421
-65.5421
-65.5777
65.5777
65.5777
65.7205
-65.7563
-65.8278
-65.8636
-65.9353
65.9353
-65.9353
66.007
66.007
66.007
-66.0429
-66.1507
66.1507
-66.2948
66.2948
66.3308
-66.3669
-66.3669
66.3669
-66.4752
66.5114
66.5114
-66.5476
-66.5838
66.62
-66.6562
66.7288
-66.8377
-66.9104
66.9832
-66.9832
66.9832
-67.0197
67.0197
-67.0197
67.0926
-67.1291
-67.1291
-67.1291
-67.2022
-67.2387
-67.2387
-67.2387
67.2753
67.2753
-67.3851
-67.3851
67.4218
67.4585
-67.4952
-67.4952
-67.5686
67.5686
-67.6054
67.6422
-67.679
-67.679
-67.8263
67.8263
-67.9371
68.0851
-68.0851
-68.1221
-68.1221
68.1592
68.1592
-68.1592
-68.2334
68.2334
-68.2705
68.3076
68.3076
68.3448
-68.382
-68.382
-68.4192
68.4192
-68.4564
68.4564
68.4937
68.6055
-68.6802
68.6802
68.6802
-68.7176
-68.7176
-68.7924
-68.8298
-69.0173
69.0173
69.0549
-69.0925
69.0925
-69.1301
69.1301
69.1301
-69.1677
69.1677
-69.2053
-69.2053
69.243
-69.3184
69.3561
69.3939
69.5072
69.6587
-69.6587
-69.7345
-69.7345
69.7345
-69.7725
69.8485
70.0388
70.0388
70.0388
-70.0769
70.1151
-70.1914
-70.2679
-70.2679
-70.3444
-70.3444
70.4594
-70.6129
-70.6514
70.6514
-70.6514
70.6898
70.7283
70.8054
70.8054
70.8054
-70.9597
70.9597
70.9984
71.037
71.0757
-71.0757
-71.0757
71.1144
-71.1144
-71.1144
71.1144
71.1531
-71.1919
-71.2307
71.2695
-71.2695
-71.3471
71.4637
71.4637
-71.5027
71.5806
71.7367
-71.7367
-71.7757
71.7757
-71.8148
71.8931
-71.9323
-71.9323
72.0107
72.0499
72.1284
72.207
72.207
72.207
-72.2464
-72.2464
72.2857
72.3645
72.3645
-72.4434
-72.4829
72.5224
72.5619
-72.6014
72.641
72.6806
72.7202
-72.7994
-72.7994
-72.7994
72.8391
72.8788
-72.998
72.998
-73.0378
-73.0776
73.0776
-73.1175
-73.1972
73.1972
73.1972
-73.277
73.3169
73.3569
-73.3969
73.3969
-73.3969
73.3969
73.4369
-73.517
-73.5571
-73.5571
73.5972
-73.6373
73.7176
-73.7176
-73.7578
-73.7578
73.8382
73.8785
73.9188
-73.9188
-73.9591
73.9591
-73.9994
-73.9994
-73.9994
74.0398
74.0398
-74.0398
74.0801
-74.2014
-74.2014
74.2419
74.2824
74.3634
74.404
74.404
-74.4445
74.4851
-74.5664
-74.6071
-74.6071
74.6478
-74.6885
-74.6885
74.77
74.8516
-74.8516
74.8516
-74.8924
74.8924
74.8924
74.9333
74.9742
75.056
75.0969
75.1789
75.1789
-75.2199
-75.2199
-75.261
75.261
75.302
-75.3431
75.3842
-75.3842
-75.4665
75.5077
75.5902
-75.6314
75.6314
-75.6727
75.6727
-75.714
75.7553
-75.7553
75.7553
-75.838
-75.838
75.838
75.8794
-75.8794
75.8794
76.0038
-76.0452
76.0452
76.0868
76.0868
76.0868
76.0868
-76.0868
76.1283
76.253
-76.2947
-76.3363
76.4197
76.4197
-76.5032
-76.5868
76.6704
-76.6704
-76.7123
-76.7542
76.7542
76.7542
76.7961
-76.8381
76.88
-76.964
-76.964
76.964
-76.964
77.0902
-77.0902
77.1323
77.1745
-77.2166
77.2166
-77.2588
77.301
77.3432
77.3432
77.3855
-77.3855
77.4278
-77.5124
-77.5971
-77.5971
-77.6395
-77.682
-77.682
-77.7669
-77.8094
77.8519
77.8519
77.8944
77.937
78.1076
-78.2785
-78.3213
-78.3213
-78.3213
-78.3641
78.3641
-78.4069
78.4069
78.4498
78.4498
-78.4498
78.4927
78.4927
78.5356
-78.5356
-78.7506
-78.7506
-78.7936
-78.7936
79.0093
79.0525
-79.0525
79.139
79.139
79.139
-79.1823
-79.3557
-79.3991
79.3991
-79.3991
79.4426
-79.4426
79.7037
-79.7037
-79.7474
79.7474
-79.791
79.8347
79.8784
80.0096
-80.0534
-80.141
-80.2288
80.3167
80.3606
-80.3606
-80.4487
-80.4487
80.4927
80.4927
80.5368
80.625
-80.625
80.7133
80.7575
-80.7575
80.7575
80.8018
80.8018
-80.8018
-80.846
80.846
-81.0233
81.0677
81.1565
81.201
-81.2454
-81.2454
-81.29
81.29
-81.3345
-81.3791
-81.4236
-81.5129
-81.647
81.647
-81.6917
81.7365
81.7813
81.7813
81.8261
-81.871
-81.9607
-81.9607
-81.9607
-81.9607
-81.9607
82.0057
-82.0506
-82.0956
-82.1406
82.1406
-82.1856
82.1856
-82.2307
-82.2307
82.2307
82.2758
-82.2758
-82.4564
-82.5469
82.6374
-82.6828
-82.6828
82.8189
82.9098
82.9553
83.0008
83.0463
-83.0919
-83.1375
83.3201
-83.3658
83.4116
-83.4573
83.4573
-83.5032
-83.549
-83.5948
-83.6407
83.6407
83.6407
-83.6866
83.7326
-83.7786
83.7786
83.8245
83.8245
83.8706
83.9627
83.9627
83.9627
83.9627
-83.9627
83.9627
84.0549
84.0549
84.1011
-84.1011
84.1473
84.1473
84.1935
84.3323
84.3786
-84.4249
84.4249
-84.4249
84.6106
-84.7036
-84.7501
84.7501
84.7967
-84.7967
84.8433
-84.9833
-85.0767
85.0767
85.1235
85.1235
-85.2171
85.2639
85.2639
85.2639
-85.2639
85.3108
85.3108
85.3577
85.3577
85.3577
-85.4046
-85.4046
85.5456
-85.5456
85.6867
85.7339
-85.781
-85.781
-85.781
-85.781
-85.8282
-85.8282
-85.9226
86.0172
86.1119
86.1119
-86.1592
-86.1592
-86.1592
86.2066
-86.2541
-86.2541
86.349
86.349
86.3965
-86.3965
-86.4441
-86.4441
-86.4916
86.5392
-86.5392
86.5869
-86.6345
-86.6345
86.6345
-86.6345
86.6822
86.6822
86.9211
86.9689
86.9689
-87.0168
-87.0647
87.2567
87.3528
-87.3528
-87.4009
87.4009
87.4009
-87.4009
-87.4491
-87.4972
87.4972
87.6902
87.7869
87.8352
87.8352
87.9805
-88.1746
88.1746
-88.2233
88.3206
88.3692
-88.3692
88.418
-88.418
88.418
-88.5155
-88.5643
-88.5643
-88.5643
-88.662
-88.7109
-88.7109
-88.7598
-88.9068
88.9558
-89.0049
-89.054
89.2015
-89.2507
89.3
89.3493
89.3493
89.3493
-89.3986
-89.4479
89.4479
-89.4479
-89.4973
-89.5467
-89.5467
-89.5961
89.6456
-89.6951
89.7446
-89.7941
-89.9926
-90.0423
-90.092
90.2414
-90.3411
90.3411
-90.391
-90.591
90.641
90.7413
90.7914
90.7914
90.9923
-90.9923
-91.0426
91.0426
91.0426
91.0426
91.093
-91.1433
91.2441
91.3451
91.3451
-91.3451
91.3956
-91.4461
91.598
-91.6486
91.7501
91.7501
-91.8008
-91.8008
91.9533
91.9533
92.0042
-92.0551
92.1061
92.2591
92.4636
92.4636
92.5148
92.566
-92.6173
-92.6686
92.6686
92.6686
92.874
92.874
-92.874
92.9255
-92.9255
-92.9255
-92.977
-93.0285
93.0285
-93.08
-93.1832
-93.1832
93.2348
-93.2865
93.3382
-93.3899
-93.4417
93.4417
93.4417
-93.4935
-93.5972
93.6491
93.701
-93.8569
-93.909
93.909
-94.0132
94.0132
-94.1175
-94.222
-94.3265
-94.3265
94.4312
94.4836
94.4836
-94.641
-94.641
-94.7461
94.7987
-94.904
94.9567
95.0094
-95.0094
-95.0094
95.1678
95.1678
-95.4324
95.4324
95.4854
95.5916
-95.6978
96.0174
96.0708
-96.2847
-96.2847
-96.2847
-96.2847
96.499
96.5527
-96.5527
-96.5527
96.6602
96.6602
-96.7678
-96.8216
96.8755
96.8755
-96.8755
-96.9294
-96.9294
-96.9833
96.9833
-97.0373
-97.0373
-97.1454
-97.1454
-97.2536
97.3077
-97.4161
-97.4161
97.4704
-97.5246
97.5789
-97.6333
97.6877
97.6877
97.6877
97.6877
97.7421
98.0693
98.124
98.2334
-98.4526
-98.5075
98.5075
98.5624
98.5624
98.6724
98.7825
98.9479
-99.0583
99.1689
99.2796
-99.2796
-99.2796
99.335
99.446
-99.5015
-99.7239
-99.7796
-99.8911
99.9468
-99.9468
-99.9468
-100.059
-100.114
-100.114
100.17
-100.226
100.282
-100.282
-100.282
-100.338
-100.338
-100.507
100.675
-100.675
100.732
-100.732
100.732
100.732
100.788
100.788
-100.844
-100.901
-100.957
-101.07
-101.07
101.127
101.183
-101.183
-101.297
101.353
101.41
101.467
-101.58
101.637
101.694
-101.694
101.751
-101.808
-101.979
-101.979
-102.036
102.15
-102.208
102.322
102.322
-102.609
-102.724
-102.84
102.897
-102.897
102.955
103.013
-103.07
103.128
-103.128
-103.128
-103.186
-103.36
103.476
-103.534
-103.534
-103.534
103.65
103.708
-103.708
-103.708
-103.708
-103.766
-103.883
-103.941
-104
-104.117
-104.117
-104.175
-104.409
-104.527
-104.585
104.585
104.644
104.703
104.939
-105.057
-105.057
105.175
-105.234
105.293
105.293
105.293
-105.412
-105.53
105.59
-105.649
105.649
105.947
-105.947
-105.947
105.947
106.006
-106.126
106.185
-106.185
106.245
-106.245
106.365
106.425
106.425
106.425
106.485
-106.605
106.605
106.725
106.906
-106.966
-106.966
-106.966
107.026
107.087
-107.087
107.087
-107.147
107.207
-107.389
107.449
-107.51
107.51
107.51
-107.571
107.571
107.631
107.753
-107.753
107.753
-107.814
107.814
-107.875
-107.935
-107.935
-108.057
108.057
108.118
108.241
-108.241
-108.302
-108.302
108.363
-108.424
-108.547
108.547
108.547
-108.608
108.731
-108.731
108.792
-108.915
-108.977
109.1
109.223
109.223
-109.223
-109.347
-109.471
-109.533
-109.657
-109.719
109.719
109.719
-109.719
109.719
-109.781
-109.843
109.843
-109.843
109.843
-109.967
-110.154
-110.154
110.217
-110.404
-110.404
-110.466
110.529
110.592
-110.592
110.654
-110.717
-110.78
-111.094
-111.094
-111.157
-111.22
-111.22
-111.283
-111.283
-111.409
111.473
111.536
111.663
111.663
-111.726
-111.789
111.853
111.916
-111.916
112.234
112.234
112.362
112.362
112.426
-112.426
112.49
-112.49
-112.554
112.554
112.874
-112.938
-113.066
113.131
113.131
-113.259
-113.324
-113.388
113.388
113.388
113.453
113.582
113.582
113.711
-113.905
113.97
114.1
114.1
-114.165
-114.165
114.165
-114.165
114.36
-114.36
-114.36
114.491
-114.621
-114.621
-114.621
-114.687
-114.687
114.752
-114.817
-114.817
114.817
115.079
115.211
-115.276
-115.342
115.408
115.474
-115.474
-115.672
115.672
-115.936
-116.002
116.135
-116.135
116.201
116.201
-116.201
-116.334
116.401
-116.467
116.467
-116.534
116.534
-116.6
-116.667
116.867
116.867
-116.867
117.001
-117.135
-117.202
-117.269
-117.403
117.403
117.47
117.605
-117.672
117.807
-117.807
-117.874
117.874
-117.942
-118.009
118.009
-118.077
-118.212
-118.28
-118.28
118.348
118.416
-118.416
118.484
-118.619
-118.619
-118.687
118.687
-118.755
-118.824
-118.824
-118.892
118.96
-119.096
119.165
-119.165
119.233
-119.233
119.233
119.302
-119.439
119.507
119.644
-119.713
-119.782
-119.851
-119.92
-120.126
-120.334
-120.403
120.541
120.611
120.68
120.749
120.749
120.958
-121.028
121.028
-121.097
-121.237
121.306
-121.306
-121.376
121.446
-121.446
121.446
-121.516
121.586
121.586
-121.586
-121.586
-121.937
122.007
122.007
122.007
122.007
122.007
-122.289
-122.359
122.43
-122.43
122.5
-122.642
-122.712
122.925
-122.925
-123.067
-123.138
-123.209
123.28
123.423
-123.423
123.423
-123.494
123.494
-123.494
123.565
123.565
123.637
123.708
123.78
123.851
123.851
124.066
-124.066
-124.425
-124.425
124.425
124.497
-124.497
-124.497
124.714
-124.786
-124.786
124.858
125.003
125.003
-125.003
-125.003
125.22
125.293
125.293
-125.365
125.438
125.583
125.875
125.875
-125.948
126.021
126.021
-126.094
126.24
126.24
-126.387
126.607
-126.68
-126.68
-126.754
126.754
-126.828
126.901
126.901
-126.901
127.196
127.196
-127.27
-127.27
-127.344
-127.344
-127.344
-127.418
-127.492
-127.492
-127.715
-127.715
127.715
127.789
127.789
127.864
-127.864
127.938
128.012
128.087
128.087
128.087
-128.236
128.236
-128.385
-128.46
128.61
128.685
-128.685
128.76
128.76
-128.91
128.985
-128.985
-128.985
129.06
129.211
129.211
129.211
129.286
129.437
129.739
-129.815
129.815
-129.966
129.966
130.042
130.042
-130.118
130.118
130.346
-130.499
130.499
-130.728
130.728
130.88
131.034
131.11
-131.11
131.264
-131.34
131.648
-131.725
-131.802
-131.879
-131.879
-131.957
132.034
-132.034
-132.189
132.189
-132.266
-132.499
-132.499
132.576
-132.576
-132.576
132.654
-132.732
132.81
-132.888
-132.966
-132.966
133.122
133.2
133.278
-133.278
-133.278
-133.356
-133.435
-133.591
133.591
133.67
133.748
-133.827
-133.827
133.905
134.063
134.142
-134.142
134.142
-134.221
-134.221
134.221
-134.299
134.378
134.378
-134.536
-134.616
-134.695
135.092
-135.092
135.092
135.171
-135.171
-135.33
-135.49
-135.49
135.73
135.97
136.05
136.371
-136.371
-136.452
-136.532
136.532
136.613
-136.613
-136.774
-136.855
136.936
137.097
137.097
-137.178
137.259
-137.422
-137.422
137.584
137.828
137.91
137.91
-137.992
137.992
-138.482
138.564
138.564
138.646
-138.811
138.893
-138.893
-138.975
-138.975
138.975
138.975
139.14
-139.14
139.305
-139.553
139.553
-139.636
139.719
139.719
-139.719
139.719
139.719
-139.802
139.802
-140.217
-140.217
140.3
-140.384
140.467
-140.467
140.55
-140.634
140.718
140.718
140.718
-140.801
-140.801
-140.885
140.885
140.969
140.969
-141.136
141.22
-141.22
-141.22
141.304
141.304
-141.557
-141.641
141.81
141.81
141.894
141.894
-142.063
-142.148
142.233
-142.233
142.487
-142.487
142.657
142.657
-142.998
142.998
-143.168
-143.168
143.254
143.254
-143.425
143.511
-143.682
143.854
-144.026
-144.026
-144.284
-144.284
-144.457
-144.544
144.544
-144.63
-145.15
-145.237
145.324
-145.411
145.498
-145.498
145.673
145.673
-145.76
-145.76
-145.76
-145.848
-146.023
146.11
-146.11
-146.11
-146.286
146.286
-146.286
-146.461
-146.549
-146.725
146.725
-146.813
-146.99
147.167
-147.787
-147.787
-147.965
-147.965
147.965
-148.233
-148.233
-148.233
-148.411
-148.59
148.68
148.859
-148.859
149.398
-149.489
149.579
149.579
-149.669
149.85
150.122
-150.212
150.303
-150.485
-150.576
150.576
-150.667
-150.758
-151.032
-151.032
151.49
151.49
-151.581
151.857
151.857
151.857
151.949
-152.041
152.226
152.41
152.503
152.595
-152.688
152.781
-152.781
152.873
153.245
153.431
153.525
153.525
153.618
-153.711
-153.805
-153.898
-153.898
-153.898
154.461
154.555
154.555
-154.555
-154.744
-154.838
-155.027
155.027
-155.027
-155.121
-155.216
-155.216
-155.216
-155.595
155.69
155.785
-155.88
-155.975
-156.165
-156.261
156.356
-156.356
-156.452
156.547
-156.643
156.739
-156.739
156.835
-156.931
156.931
157.027
157.123
157.315
-157.411
157.508
157.508
-157.604
157.701
157.797
158.281
158.281
-158.378
-158.573
-158.573
-158.573
158.67
-158.767
-158.767
158.865
-158.865
158.962
159.06
159.158
-159.158
-159.255
159.353
159.451
-159.549
159.745
-159.745
-159.745
-159.843
159.843
-160.138
160.237
-160.336
160.336
-160.434
-160.434
160.533
-160.632
-160.632
160.632
160.731
160.929
161.028
-161.425
-161.824
-161.824
-161.924
162.024
-162.024
162.224
-162.224
-162.324
-162.525
162.726
162.826
-163.028
-163.028
-163.128
-163.33
163.533
-163.634
-163.735
-163.836
164.141
-164.345
164.345
-164.345
164.447
164.447
-164.549
164.549
164.753
-164.753
-164.855
164.957
164.957
165.162
165.367
-165.367
-165.779
165.779
-165.985
165.985
166.088
-166.088
-166.191
-166.295
-166.605
-167.021
167.125
-167.229
167.229
167.333
-167.333
-167.437
167.542
167.751
167.855
-167.855
-167.855
168.17
168.38
168.485
168.696
168.696
-169.012
-169.012
169.224
169.224
-169.224
169.33
169.33
-169.436
169.436
169.542
169.648
169.754
169.754
-169.754
169.754
-169.967
-169.967
170.073
170.073
-170.073
-170.18
170.18
170.286
-170.5
-170.5
170.607
-170.714
170.821
-170.821
-170.821
-170.821
170.821
-171.035
-171.035
-171.143
-171.25
171.25
171.573
171.681
-171.897
-172.005
-172.221
-172.329
172.438
-172.438
-172.655
172.764
-172.981
-173.308
173.308
-173.308
173.418
-173.746
-173.746
-173.856
173.856
-173.856
-173.965
-174.075
-174.185
-174.185
-174.185
-174.295
174.405
174.515
-174.515
-174.625
175.067
-175.067
-175.178
-175.622
-175.622
175.733
-175.844
-175.956
175.956
-176.067
176.29
-176.402
176.514
176.626
-176.626
176.738
-176.738
-176.962
-177.187
177.299
177.637
-177.863
178.203
-178.203
-178.543
-178.543
-178.657
-178.998
178.998
-179.112
179.341
-179.455
179.569
180.028
-180.143
180.143
-180.143
-180.143
180.258
180.373
180.488
-180.719
-180.719
180.834
-180.834
-180.95
-181.066
-181.297
-181.646
-181.762
181.762
-181.878
-181.878
-182.112
-182.112
-182.462
-182.931
182.931
183.048
-183.166
-183.166
183.166
-183.283
-183.283
-183.283
-183.401
183.519
183.637
-183.637
-183.991
184.109
184.228
-184.465
-184.465
184.465
184.821
-184.821
-184.94
-185.06
-185.179
185.537
-185.657
185.896
-186.016
-186.016
186.137
-186.257
-186.377
186.739
-186.739
-186.859
186.98
-187.101
-187.101
-187.464
-187.586
-187.829
187.829
-187.829
187.95
187.95
187.95
187.95
187.95
-188.683
-188.928
-188.928
-189.05
189.173
-189.296
189.296
189.542
-189.542
-189.542
189.665
189.789
189.912
-189.912
-189.912
190.283
190.531
190.531
190.655
190.903
191.027
191.152
191.401
-191.651
191.651
191.651
-191.901
-192.152
192.152
-192.277
192.403
192.655
-192.907
192.907
193.033
-193.033
-193.033
-193.033
-193.159
193.286
-193.412
193.539
193.665
193.792
-194.174
-194.174
-194.301
-194.428
-194.428
-194.811
195.067
195.067
-195.067
195.195
-195.324
195.324
-195.324
-195.324
195.709
-195.838
196.095
196.483
-196.612
-196.612
-196.742
-196.742
-197.131
197.261
-197.391
197.521
-197.913
197.913
198.174
198.436
-198.436
199.225
199.357
-199.357
199.621
199.753
-199.886
200.018
200.018
200.151
200.284
-200.284
-200.416
200.416
200.683
-200.683
-200.683
200.683
-200.949
200.949
200.949
-201.083
-201.083
201.216
-201.216
-201.216
-201.216
201.35
-201.35
-201.484
-201.484
-201.752
-201.752
-202.02
202.29
202.29
-202.559
-202.559
-202.559
-202.559
-202.559
-202.559
-202.829
-202.964
203.235
203.235
-203.371
203.371
-203.642
203.778
-203.914
-204.46
204.46
204.597
204.597
204.597
204.734
-205.008
-205.145
205.145
-205.42
-205.42
205.557
-205.557
205.695
205.833
205.971
-206.109
-206.248
206.248
-206.386
-206.386
-206.386
-206.525
-206.525
206.663
-206.663
-206.802
206.941
-207.219
207.498
207.917
208.618
-208.618
208.9
-209.041
209.182
-209.323
209.464
209.605
-209.747
-209.889
210.742
210.742
-210.742
-210.884
210.884
210.884
211.027
211.456
-211.743
212.319
212.319
-212.319
-212.607
212.896
213.331
213.621
213.912
214.349
214.349
-214.496
214.642
214.788
215.081
-215.081
-215.228
-215.228
-215.228
215.375
215.375
215.375
-215.522
-215.817
215.964
-216.112
-216.26
216.408
216.408
216.556
216.853
216.853
-217.746
217.895
-217.895
217.895
-218.345
218.345
-218.495
-218.495
218.645
219.096
219.096
219.247
219.247
219.398
-219.549
-219.549
-219.851
219.851
-220.003
-220.154
-220.154
220.306
220.306
220.458
-220.458
-220.458
220.915
220.915
-221.22
221.373
-221.373
221.373
-221.832
-221.985
-221.985
-222.601
222.755
223.064
223.064
223.373
223.373
-223.528
223.528
-223.683
-223.838
-223.838
-224.305
-224.617
-224.773
224.773
-225.086
-225.243
225.243
-225.243
225.243
225.557
-225.714
-225.714
-225.714
-225.871
-225.871
226.344
226.66
226.976
226.976
226.976
226.976
227.135
-227.294
227.453
-227.612
-227.771
-228.09
228.09
228.249
-228.249
228.249
-228.249
-228.409
228.569
-228.569
-228.729
229.533
-229.533
229.533
230.178
-230.178
230.34
-230.664
230.664
231.152
-231.477
231.477
231.477
-231.967
231.967
-231.967
-232.295
-232.295
232.787
-233.116
233.116
-233.446
233.446
-233.611
233.776
-233.942
234.108
-234.273
234.273
-234.273
234.439
-234.606
234.606
234.772
-234.772
235.272
-235.439
-235.606
235.606
235.606
235.774
-235.941
-235.941
236.277
236.782
-236.782
236.95
237.119
-237.288
237.288
237.626
237.796
237.966
238.305
-238.305
238.646
238.646
238.817
238.817
-238.987
-239.672
240.015
-240.877
-241.05
241.223
241.223
241.223
-241.396
-241.57
241.57
-241.744
-241.744
-242.091
-242.789
-242.789
242.789
-242.964
243.139
-243.139
243.315
-243.49
-243.49
243.666
-243.666
244.194
244.547
-244.901
245.255
-245.433
-245.433
-245.433
245.788
245.966
-245.966
246.145
246.323
246.323
246.86
-246.86
246.86
-247.039
247.758
248.119
-248.119
248.3
-248.661
248.843
249.206
249.388
-249.388
249.57
249.57
249.752
249.934
250.117
250.117
250.117
-250.3
-250.3
-251.033
-251.033
-251.217
-251.585
251.769
251.954
252.139
252.324
-252.509
-252.509
-252.509
252.694
252.88
-253.438
-253.438
-253.624
-253.811
-253.811
253.998
-254.185
-254.372
-254.372
-254.56
254.747
-255.311
255.689
-256.256
-256.256
257.016
257.206
257.397
-257.397
257.587
257.587
-257.587
258.545
258.737
258.929
-259.314
-259.314
259.7
260.475
260.475
260.864
-261.059
261.644
262.232
-262.624
-262.624
262.821
263.215
-263.215
-263.412
-263.808
264.403
264.601
264.601
-264.8
265
-265
-265.199
265.399
265.399
-265.598
265.798
-265.798
266.802
266.802
-267.004
267.004
-267.004
-267.205
-267.61
-267.812
267.812
267.812
-268.015
-268.217
-268.42
269.031
-269.235
-269.644
-269.644
-269.849
269.849
-270.054
270.054
270.054
270.054
-270.054
271.082
-271.289
-271.495
271.495
-271.909
-272.532
-272.532
-272.532
272.949
273.157
-273.575
274.204
-274.414
-274.624
274.624
274.835
275.045
275.045
-275.045
-275.257
-275.257
275.468
-275.679
276.316
276.316
-276.316
-276.316
276.741
-276.954
-277.167
277.381
278.023
-278.453
-278.453
-278.453
-278.883
278.883
278.883
279.099
279.099
279.747
279.747
-279.747
279.964
-280.181
280.615
280.833
-281.051
-281.269
-281.487
281.487
-281.487
281.487
-281.706
-281.925
-281.925
-282.144
282.584
-282.584
-282.584
-284.13
-284.13
284.352
284.352
284.796
-285.242
-285.242
-285.689
-285.913
-285.913
286.137
-286.586
-286.586
-286.586
287.261
-287.261
-287.487
-287.713
287.713
287.939
287.939
-288.166
288.847
289.76
-289.989
290.218
-290.218
290.677
290.907
-291.137
-291.137
-291.137
-291.137
-291.598
291.829
291.829
291.829
-292.293
-292.293
292.525
-292.757
-292.989
-292.989
-292.989
-293.222
293.222
-293.455
-293.689
-294.156
-294.391
294.391
294.86
-295.095
295.095
-295.331
-295.567
295.567
-296.039
-297.225
-297.463
297.463
-297.702
297.941
297.941
297.941
-297.941
-298.18
298.419
-298.659
298.899
-298.899
299.62
-299.62
-300.345
300.345
301.072
301.559
301.559
301.802
-302.29
-302.535
302.535
-302.78
303.517
304.256
304.256
-304.751
-305.247
305.247
-305.247
-305.495
305.495
305.993
305.993
306.492
-306.492
306.492
307.243
307.494
307.745
307.745
-307.997
-309.007
309.26
310.022
-310.277
310.532
-310.532
310.532
-311.555
311.812
312.326
-312.584
-312.584
-312.842
-312.842
-313.618
314.398
314.658
314.658
-314.919
-315.18
315.441
-315.703
-316.754
-316.754
-317.018
-317.282
317.546
317.546
-317.811
-318.076
318.341
318.341
-318.607
-318.873
318.873
-319.139
319.406
319.673
-319.941
-320.209
320.477
-320.477
-320.477
320.746
-320.746
-321.015
-321.015
-321.554
-321.554
-321.824
-321.824
-322.094
-322.094
322.365
322.636
-322.636
322.636
-323.18
323.452
-323.452
-323.452
323.452
323.998
-323.998
-324.271
325.094
325.369
-325.369
-325.369
-325.644
-325.644
325.644
-325.92
-325.92
-326.196
-326.472
326.749
-327.304
327.582
-327.86
-328.418
328.978
329.82
-329.82
-330.101
-330.101
330.101
-330.383
330.666
-331.515
-331.799
331.799
-332.938
333.224
333.51
333.51
333.797
-334.084
-334.084
334.371
-334.371
-334.659
334.948
-334.948
335.525
-336.105
336.395
-336.395
336.395
-336.686
337.269
-337.561
337.561
337.561
-337.853
338.146
-338.439
-338.733
340.208
-340.8
-341.098
341.693
342.29
-342.589
-342.589
-343.189
-343.189
343.189
343.189
-343.49
343.49
-343.791
-343.791
-343.791
344.092
344.394
-344.394
344.999
345.302
-346.519
346.824
-347.13
-347.437
347.743
348.05
-348.05
348.358
-348.358
-349.284
-350.214
350.214
-350.214
-350.214
-350.524
-350.524
-351.147
351.147
351.46
-351.46
351.772
-352.085
-352.085
352.713
-353.028
353.343
-353.343
-353.658
353.658
353.658
353.658
-355.561
-355.561
355.88
-356.519
-357.481
357.803
358.771
358.771
358.771
-359.095
-359.095
359.419
-359.419
359.419
-359.419
-359.744
-360.069
-360.395
360.721
-361.047
-362.359
362.359
362.359
362.688
362.688
-363.018
-363.018
-363.348
-363.348
-363.348
363.679
364.01
364.01
-365.007
-365.007
365.674
-366.343
-366.343
367.014
-367.014
-367.687
367.687
-368.024
368.362
-369.04
-369.379
369.719
370.401
370.401
-370.743
371.085
-371.085
-371.428
371.771
372.115
-372.115
-372.115
372.459
372.459
372.459
372.459
372.804
-373.149
-373.149
-373.495
-373.842
374.189
-374.189
-374.537
-374.537
-374.885
375.234
-375.234
-376.634
-376.986
-376.986
-376.986
377.691
377.691
378.044
-378.044
378.398
-378.752
379.107
-379.107
-379.818
379.818
381.249
381.249
381.608
381.608
381.967
382.688
383.049
-383.774
-384.137
384.137
384.865
384.865
-385.229
-385.229
-385.229
-385.229
-386.328
386.328
386.695
-387.431
388.17
388.17
388.17
-388.54
-388.911
389.655
-389.655
-389.655
390.401
-390.775
-391.15
392.654
392.654
393.032
-393.41
393.41
-393.41
393.41
393.79
-394.169
394.169
394.93
394.93
-395.694
-395.694
-396.461
-396.461
-396.845
-397.23
-397.23
397.615
398.388
-398.388
400.332
400.722
-400.722
400.722
401.114
-401.506
401.899
402.292
-402.686
-403.081
403.081
404.269
-404.269
-404.269
404.667
405.065
-405.065
-405.065
405.065
405.863
-406.665
-407.066
407.872
409.085
409.491
-409.898
409.898
410.713
410.713
410.713
-411.531
-413.176
-413.589
-413.589
-414.003
-414.418
414.418
414.418
414.833
414.833
-414.833
415.249
-415.666
-416.502
-418.604
419.027
419.45
419.45
419.875
420.3
-420.3
421.152
-421.152
-421.152
-421.58
-421.58
422.008
-422.437
422.437
-422.866
423.297
-423.297
-423.728
424.16
424.593
-424.593
425.027
425.461
-425.461
-425.896
425.896
426.332
428.084
428.084
428.524
428.965
428.965
429.407
-429.407
430.737
431.182
432.074
-432.522
432.522
433.419
-434.32
-434.771
434.771
-435.224
-435.224
-435.677
-435.677
-435.677
-435.677
-436.131
-436.131
437.499
437.499
437.499
437.957
438.875
438.875
439.796
-440.258
440.721
442.581
442.581
-443.517
443.517
444.456
445.871
-445.871
446.819
446.819
447.771
-448.727
449.206
450.167
-450.649
-451.132
451.616
-452.101
-452.586
453.561
453.561
454.539
454.539
-455.03
-455.03
455.03
-455.521
-455.521
-455.521
456.014
456.014
456.507
-457.002
-458.491
-458.491
458.491
458.99
459.489
-459.489
459.489
459.489
460.491
-461.497
-461.497
461.497
-461.497
-461.497
462.002
-463.521
463.521
-464.03
-464.03
464.539
465.05
-465.562
-465.562
-466.075
466.588
-466.588
467.619
-468.136
469.173
-470.214
-470.214
470.737
-470.737
471.26
471.784
473.364
-473.893
474.423
-474.954
-476.019
476.554
-477.626
-479.242
479.242
479.242
-479.783
480.869
481.959
482.506
483.603
484.153
484.153
-484.705
-485.258
486.367
486.367
-487.48
488.039
488.039
-488.599
-489.16
489.16
-489.16
489.722
491.417
491.984
493.693
-495.413
-495.413
-496.566
-497.145
-497.145
497.145
497.145
497.725
498.888
498.888
-499.472
499.472
-500.057
500.057
500.057
-501.819
-501.819
-502.409
-503.594
504.188
-504.783
504.783
506.578
-507.179
507.781
-507.781
-507.781
-508.99
508.99
509.596
510.204
-510.813
510.813
510.813
512.649
513.879
513.879
514.497
-515.116
515.736
-516.981
-517.606
-517.606
-518.232
-518.86
519.489
-519.489
-519.489
522.02
522.657
-523.934
-523.934
525.862
-525.862
527.155
527.155
527.155
-527.803
528.454
-528.454
-529.105
529.105
-531.07
-531.07
-532.388
-532.388
532.388
-533.049
533.049
533.712
533.712
-534.376
535.042
-535.71
-536.379
-538.397
-538.397
539.073
-539.073
539.073
540.429
-541.11
-541.793
-542.477
-543.163
545.23
545.23
-546.618
546.618
-547.314
-547.314
548.012
-552.236
-552.236
-552.947
554.373
554.373
555.806
-555.806
555.806
-556.525
557.247
557.247
559.421
-563.084
563.822
565.304
-566.048
-566.048
566.048
566.794
567.542
-567.542
-568.292
-568.292
-568.292
-568.292
-569.044
569.797
-569.797
-570.553
-571.311
572.071
-572.071
572.833
573.596
573.596
574.362
-574.362
577.446
-578.223
-579.001
-579.781
580.564
-581.349
-582.135
582.924
583.715
-583.715
585.304
586.101
-587.703
-589.314
-589.314
-590.122
-591.746
592.562
592.562
593.379
594.199
-595.022
597.502
-597.502
597.502
-599.168
-600.004
600.843
601.684
602.527
603.373
604.221
-605.925
605.925
-606.78
-608.499
608.499
-609.362
611.095
611.095
-611.966
-611.966
611.966
-611.966
611.966
-613.715
-613.715
-613.715
614.593
615.474
-615.474
-615.474
-615.474
615.474
619.917
-622.614
623.519
-626.249
-627.165
-628.083
-628.083
-629.928
-631.784
-631.784
-632.717
-634.59
634.59
636.475
-636.475
637.422
-637.422
-637.422
-638.371
639.324
-639.324
-640.28
-642.2
642.2
-642.2
-644.132
646.076
-648.033
-649.016
-650.002
-652.98
652.98
653.978
656.994
-658.006
-660.039
661.061
-663.114
-664.146
665.181
-666.22
-666.22
-666.22
-669.356
-670.408
-671.464
-673.587
673.587
673.587
-675.723
-677.875
677.875
680.04
683.317
-686.627
687.738
693.352
-696.767
699.065
-699.065
-700.219
702.541
-702.541
702.541
706.055
706.055
-707.235
-707.235
-708.419
-708.419
-709.608
709.608
709.608
-710.8
710.8
-710.8
711.997
714.405
-715.615
715.615
715.615
716.83
-719.273
721.734
-725.46
-725.46
726.712
-727.968
-727.968
729.229
730.495
733.041
735.606
736.896
-736.896
-738.191
-743.423
-743.423
-746.069
747.4
747.4
-748.736
750.078
751.424
-754.134
754.134
-755.497
758.24
759.619
759.619
-761.005
-762.395
-763.792
-765.194
765.194
-766.602
-766.602
769.435
769.435
770.861
-770.861
770.861
772.292
-773.729
-773.729
776.622
781.007
-785.448
-788.44
791.458
794.502
-794.502
-794.502
794.502
796.035
-796.035
-796.035
796.035
-797.573
797.573
799.119
-802.231
-803.797
-803.797
803.797
-803.797
-805.37
805.37
-805.37
-806.95
808.537
-808.537
808.537
810.132
-814.958
-819.85
824.811
-824.811
-826.479
-828.156
-831.533
-831.533
831.533
-831.533
831.533
834.941
836.657
-836.657
840.115
840.115
840.115
841.856
-847.13
-848.905
848.905
-850.688
-850.688
-850.688
850.688
-852.481
-854.282
-856.092
-856.092
856.092
857.911
857.911
-857.911
-859.739
861.576
-861.576
861.576
861.576
863.422
863.422
863.422
867.143
-870.901
-876.611
876.611
-880.467
880.467
-886.326
890.283
894.283
-894.283
-898.325
-898.325
-900.362
904.47
904.47
-906.541
-908.623
-908.623
910.717
-912.822
-914.939
917.068
-919.208
-919.208
923.525
-925.702
-925.702
-927.891
927.891
932.307
936.774
943.572
945.865
945.865
950.491
952.825
955.172
957.534
-959.91
967.126
969.56
-969.56
974.475
974.475
981.963
981.963
-987.034
-992.17
992.17
994.763
997.372
997.372
-997.372
1005.3
1005.3
-1007.98
-1010.68
1010.68
-1010.68
-1016.13
-1024.44
1024.44
-1027.25
-1027.25
1030.07
-1030.07
-1032.92
1035.79
1038.67
1041.58
1047.46
1053.42
1053.42
1053.42
-1056.43
-1059.46
1059.46
-1062.52
1062.52
1065.6
1065.6
1068.7
1068.7
-1071.83
1074.98
-1081.34
1081.34
1084.56
1084.56
1084.56
-1087.81
-1087.81
-1107.82
-1107.82
-1111.24
1121.69
-1125.23
1128.8
1132.4
-1132.4
1136.03
1136.03
1136.03
1143.38
-1143.38
-1150.85
1166.19
1166.19
-1174.07
-1182.09
1186.15
-1186.15
-1190.25
1194.39
1194.39
-1202.78
-1207.04
1207.04
-1211.33
1220.05
1224.47
1224.47
-1224.47
1228.94
1228.94
-1238
-1242.6
-1247.25
1247.25
1251.94
-1261.47
-1261.47
1266.32
-1271.21
-1276.15
-1296.47
-1301.69
1301.69
1306.96
1312.3
-1312.3
-1312.3
-1317.7
-1328.68
1328.68
1334.27
-1339.92
-1339.92
-1345.64
1345.64
-1351.43
1351.43
-1363.22
1363.22
1369.22
1375.3
-1381.46
1420.1
-1426.85
-1440.62
-1440.62
1440.62
-1454.78
-1462.01
-1462.01
1469.34
1469.34
1469.34
-1476.79
1484.34
-1507.7
-1532.16
1540.58
1549.13
-1557.83
-1566.68
-1594.14
-1603.62
-1603.62
1633.1
-1643.3
-1653.69
-1653.69
-1664.29
-1675.1
1686.12
-1697.37
1697.37
1708.86
1708.86
-1732.56
-1744.8
1744.8
1757.32
1770.12
-1770.12
1796.62
1824.41
1824.41
1838.83
1853.61
-1853.61
1900.36
1900.36
-1916.81
-1916.81
-1916.81
1933.73
1951.14
1951.14
-1951.14
-1969.07
1987.56
-2006.63
2006.63
-2046.65
2046.65
2067.69
-2135.44
-2159.75
-2185.03
2211.36
-2211.36
2211.36
2267.47
2328.86
-2396.53
2433.11
2512.74
2763.63
-2894.81
-2970.2
-3147.76
-3147.76
-3522.26
3697.52
-3697.52
-4211.21
-5429.14
-5429.14
5429.14
5429.14
