-2.87525
-2.23648
1.25793
0.166538
-6.23353
-4.73382
1.45304
-12.0857
5.55262
-6.46508
-0.986346
-2.14127
4.22194
1.42493
-1.36665
4.66911
-0.094472
0.441327
3.0318
5.62021
-2.31852
0.284581
-3.47795
-0.164319
2.27722
1.05464
-1.59104
0.685222
-0.286561
3.47413
-3.0031
-3.75529
-4.60299
2.32893
-12.96
-4.02282
-4.78808
0.0839641
-0.658949
1.41674
-12.9375
-2.86743
-0.503481
1.13457
-1.97682
-0.336149
-1.6461
8.1407
-4.23792
0.689372
0.904126
-5.9831
2.50068
-2.97547
-0.35095
0.392377
-1.19383
10.3354
-0.0514385
-1.29327
-12.2413
9.47475
1.96698
-1.23566
2.23458
-1.40953
-4.78069
-0.620335
0.470312
7.48487
2.19068
1.68267
0.496039
4.81634
-0.034093
-0.392035
3.5791
9.54619
-1.03043
-7.0271
7.04903
-1.55154
0.0483881
-0.77437
-1.86192
-0.121216
4.13022
7.1384
1.31505
2.50759
3.76475
-2.67846
-5.4457
-10.3828
0.507742
0.27832
-2.69094
3.34972
1.34355
1.91541
7.23385
2.38355
-0.653349
-1.96524
0.195856
3.26124
-5.48092
-0.857451
-5.03315
-1.39278
3.62897
-0.319417
2.32828
6.3859
-0.494978
-1.81211
-4.15049
-0.092615
3.26569
-2.60679
1.95314
-1.12016
-0.345223
-0.478746
2.04425
0.404025
-0.214488
1.0911
3.57317
-2.59679
-3.27193
2.10112
0.31275
13.0516
2.37957
3.06912
3.47318
-0.642551
4.13498
1.96987
-2.74962
1.17557
0.281614
1.53648
-1.35437
-1.77665
2.00127
-2.83561
2.34462
0.434731
0.316415
1.81816
-1.45742
2.35119
2.02887
3.50582
2.1913
3.52907
-1.76528
2.52425
-0.184988
-8.53161
1.30021
2.0271
-2.76693
0.619597
2.69388
3.23819
-1.98204
5.5109
-3.20833
1.39278
-4.80739
-2.38953
-11.2779
2.03418
-1.2352
-0.722014
0.209658
-1.92565
0.37703
0.272401
-7.43082
6.16249
-2.87603
-7.26411
0.950303
1.4033
8.13617
-1.1302
-5.92849
3.92134
3.61492
2.88151
8.13166
-0.0988095
2.28813
-0.0765689
4.07254
1.06617
0.191696
-0.239728
1.68425
4.42997
-0.736167
3.27104
-0.787603
1.19696
1.58239
-9.63421
-5.1394
1.27991
8.97522
-3.28356
1.43266
0.513433
-0.148201
0.2935
-0.670931
0.960203
-6.57582
-0.781758
7.50311
-2.28556
-1.44574
-2.47182
-3.78375
0.461202
3.37548
-0.647759
-2.41358
-1.1145
-0.427457
0.30776
-0.460852
-0.165587
-1.1858
-1.03297
-6.55441
2.13393
-2.84799
-2.14925
-0.0253064
2.69978
-1.50312
1.41722
-0.849477
11.3694
-4.19267
2.32437
1.84079
1.10754
1.81871
-4.22439
-0.771653
3.07915
-1.83415
-4.19267
8.51619
0.893601
0.592062
-1.14818
0.809526
1.31505
-8.15885
-1.72236
-5.27555
-2.08485
-3.4324
5.49025
-4.93675
-6.36329
-0.507387
1.10061
-7.81513
7.10938
-0.100981
-4.85846
-0.463652
-0.565502
-2.5452
-0.457007
6.29159
0.0313634
-5.79721
-1.95947
2.53959
1.20726
-1.16759
-3.61492
-0.512365
-1.08937
-0.0514385
-7.22384
-0.48262
1.13939
0.364131
-4.26639
-1.18758
-5.3873
3.26391
2.59465
0.346569
-3.58405
1.01693
12.6192
6.73578
9.4677
2.99902
3.64207
-1.44769
0.0787239
6.56509
-6.60822
-3.89375
1.23385
-2.68212
0.232912
4.25397
-8.42527
8.25601
1.96293
-1.89785
-0.475581
0.995529
-1.91087
4.40251
6.49108
4.83432
-0.996783
0.0499129
-0.259616
7.79893
-10.6421
0.256347
2.88465
-0.695418
-3.26569
2.30297
5.38911
1.09499
0.514857
-0.128723
2.66676
-4.88892
2.85032
-2.59109
-3.2127
7.15139
1.61922
1.20233
-1.01482
1.35531
-4.69339
7.7708
-2.78206
1.70272
6.34086
-0.25602
-6.42651
0.637353
14.3031
4.01023
-0.774758
0.460153
-1.69426
-3.20833
9.58255
5.42001
-0.923654
0.743462
-0.136248
-0.425382
-3.47318
-1.62953
-5.55071
2.40487
6.60551
3.8082
8.37593
9.4677
-3.88607
0.686353
-3.54468
-0.601579
0.123716
4.28761
-1.5601
-5.21011
4.63376
1.90407
-0.124029
-2.45273
1.79842
4.11836
1.29512
1.65703
0.672808
-0.236805
3.87186
3.29344
-5.0752
-0.525561
7.40946
-1.02494
-3.19263
-10.8136
-4.12547
-2.18881
-2.20441
4.24038
0.919983
4.94922
-18.7977
1.65026
1.34214
0.58841
-2.33416
8.27961
2.42029
-4.68052
-5.31587
-2.94329
-0.877883
1.17114
-2.033
-1.99601
-1.73036
-4.4763
-7.65314
-0.222555
1.79842
-0.517351
0.562967
0.498518
1.30113
-0.491795
-4.74547
-1.71279
4.69483
3.62294
7.69575
-5.0752
-2.72051
-2.59109
-1.18313
-1.03043
0.523417
1.87815
-0.0750305
0.765838
-0.553933
-3.07246
1.10538
2.70938
-2.82252
8.35641
-6.13686
-0.322422
-1.09326
-0.678068
0.934285
-2.88465
2.04247
-1.16759
1.45352
-1.34261
1.11928
-3.8189
0.999712
-1.58748
3.50582
-1.16405
1.09715
-0.507032
-2.17701
-2.82944
-2.81408
3.24615
0.240378
-3.21182
-0.393745
0.685976
-0.911028
5.3855
-0.229995
-1.33746
6.71883
-3.04999
2.88779
-0.322088
1.18892
0.330449
5.41636
-6.74145
5.16614
-4.85846
0.812672
-4.69196
-0.0774923
1.22932
9.1474
-2.126
-11.7511
-0.27832
7.01775
6.90176
5.15943
-5.88124
-4.65209
3.85989
-4.30898
-4.92124
8.25131
-3.61592
-1.76474
3.67968
-0.141589
1.02367
4.82831
-0.304105
-1.45401
1.08937
-0.562605
1.90633
-2.85342
-9.27673
1.96813
-0.081497
-0.872662
-1.0756
4.90119
5.58719
0.708306
-0.381115
-2.05375
0.217712
-2.77372
-0.491795
6.72447
-0.448634
-3.09763
3.61492
-0.0171489
6.10455
-1.68583
-5.51844
2.70273
9.50312
2.51383
3.23026
-1.01566
1.53999
1.71438
5.88338
7.36022
-3.52518
0.473121
-2.47045
2.51452
-4.39601
-1.17691
-5.01234
-5.3639
8.86953
4.25893
-3.1529
0.121216
2.07465
0.652976
-5.26686
0.129975
1.88095
-0.371252
0.614438
1.24837
4.23422
0.760035
-0.484029
1.26204
0.931829
-13.5024
0.893601
3.63601
-4.92279
3.96489
0.280625
3.40148
3.59596
1.70325
-2.07824
0.0596899
-1.84356
5.82426
-0.291516
-1.59819
-0.468909
0.353649
-3.38289
-1.36854
-0.428841
1.29743
-0.965993
7.96069
-4.81335
5.3194
2.58896
2.23017
3.15547
0.717438
-1.82421
2.22323
-0.398195
-7.04589
2.49654
-5.87486
-0.725833
-2.91858
6.33342
0.900884
-3.0031
3.70639
1.38611
11.5331
-2.21632
10.663
5.9853
0.0526595
-2.56065
-1.62437
-4.38176
5.27904
2.41626
-4.047
2.58825
-5.08172
6.39853
2.22827
0.389643
-1.16671
3.26658
0.182755
4.56154
-3.24261
2.30426
-9.39809
2.62761
1.66747
5.3873
-4.72366
-0.622918
4.08422
-4.95234
1.19964
2.55432
4.54921
-8.65257
2.46226
-14.3745
6.73012
-5.23749
1.78806
0.668681
0.0529648
2.80642
-0.80207
-2.4993
-0.445152
0.55249
1.49225
0.421236
-6.29648
-3.20833
-1.15875
5.95895
2.67479
-0.221263
-1.7416
5.09317
-3.24527
-2.72348
-2.96336
-1.28083
-3.54566
-3.83717
0.165904
10.3261
-7.41301
2.71309
-5.03636
4.91815
-0.372951
-0.267805
-0.974698
-5.46789
2.89093
1.16582
1.91598
0.226758
-0.150724
-3.17789
3.85338
-2.36567
0.434037
-2.83561
5.08826
2.96658
0.502062
-2.72422
0.310753
3.61993
3.52421
-1.46426
-3.62796
0.168124
-0.436465
1.88208
-6.81035
-0.32911
0.545645
1.25884
8.1817
-1.16096
-9.30328
-4.96959
2.71457
-1.28083
-5.66547
0.310753
9.80262
-8.27015
0.138446
-1.69902
-9.56068
3.64814
-2.73391
-2.52703
-10.949
2.3703
-0.870656
-4.07021
0.00120024
-4.11363
-11.3038
6.34334
0.109992
-0.833987
2.26252
0.546725
1.15302
-3.86859
4.99327
0.37703
1.51552
2.01298
0.517708
-2.28685
-0.527349
-1.99368
4.3509
-0.296148
-3.07497
4.0148
8.36128
-5.19143
1.97102
-1.47454
3.08083
4.12666
-3.89815
-0.935105
-0.0526595
0.0664301
4.11954
-2.93929
1.79569
-1.04272
-0.0153391
-3.91691
7.7668
8.77862
-3.49714
-0.11186
-1.24337
0.536662
4.30267
-2.87916
-7.40238
-1.25201
0.36752
-2.96014
0.118718
0.859049
-1.45255
8.00793
1.02705
7.38826
-0.790335
-0.283591
-1.46524
-0.39101
-12.0026
-10.2703
-0.462952
5.55071
-12.8493
-4.4326
-1.19115
-3.57811
14.9725
-0.595719
-1.52648
-0.0923056
-5.95021
-2.86276
-0.000900135
0.639951
-1.03848
1.04697
-2.83253
7.2372
-0.171299
1.13501
-1.7848
-0.564053
1.14774
1.45889
2.73242
-1.11711
2.93769
1.05549
2.07405
-0.0271222
0.0319697
-0.151039
-0.478746
7.11902
3.3424
-2.68506
-6.65198
5.30354
-8.82942
1.679
-2.75638
2.18694
-3.65523
-0.539893
-2.13332
1.611
0.15862
-5.3194
-4.38823
0.0713416
-1.34449
2.39286
-2.46499
1.71491
-5.54309
3.6848
-10.6736
1.5763
3.1996
-0.601212
-0.23648
-3.43146
-6.47545
-12.7216
-1.59411
-13.7857
2.36699
-3.2127
-3.95479
-0.0768766
-1.47994
4.0068
1.09455
3.25413
0.148516
0.960203
-1.12277
-3.15547
0.279637
-2.16032
-2.49378
0.175749
2.01064
-4.74693
-4.17211
-0.368877
-2.17206
1.14422
0.709066
-10.9838
0.580026
3.75215
-0.0419925
-3.29794
3.87841
1.29882
0.0889044
0.345896
-0.472419
-7.53992
0.0532702
1.53999
1.74696
4.21582
4.36886
-11.662
-3.84364
-1.24246
2.07285
6.26484
2.63337
-11.8274
12.277
-3.08502
-7.01775
0.363792
1.32157
4.59049
-2.08425
1.36617
3.98861
-1.80773
1.38515
-5.93282
-0.997202
3.01209
0.648131
0.768163
-2.0124
-0.20805
-3.73647
3.77001
0.618122
-1.07131
-2.0981
-3.88169
-0.0599959
3.97729
0.69504
-4.03315
2.58044
4.52742
-0.0910684
3.33692
1.46084
1.31645
8.42527
-4.72511
-5.84314
2.38886
-2.42231
0.862246
5.82217
-0.928556
-2.16958
-3.08838
2.30555
-6.57313
-7.67243
0.247211
-8.17254
0.928965
1.55809
-1.63108
-1.7112
-3.0318
-5.71546
-7.69575
-4.58772
-5.18298
-1.07947
3.86098
22.8027
-10.0744
-0.937974
-2.50828
-0.340178
-3.21708
5.3194
0.456308
-0.858649
2.126
3.99883
1.37897
0.535945
2.94889
-5.23921
-3.6889
-1.21265
-1.14202
-0.468558
-0.514145
0.157988
-3.87186
-1.10321
-0.796197
-6.80165
0.152617
0.569126
-3.84688
-3.1086
4.68194
-9.03558
0.0978795
-0.688617
-3.59696
-0.752701
2.63698
-7.1841
8.02965
1.10234
-1.10841
2.78054
8.03839
0.180843
-0.123716
1.53848
3.46841
0.244281
4.50444
3.43052
-2.55291
-5.87486
-0.410554
-3.69198
1.82918
-1.62334
-1.35249
0.0984995
0.593524
2.42365
-4.97904
-0.675812
0.218357
-1.87142
-1.81926
-1.12714
3.09595
-5.75605
1.73999
-1.00306
-0.0762611
-0.442717
-1.9428
6.22157
4.84939
-9.30328
-0.174477
-5.57947
-0.157672
-0.372951
-8.05593
-1.10407
3.32781
3.11792
5.44754
-0.288211
-4.01594
-1.85858
-0.571666
-1.10451
0.837555
2.31852
2.53261
-0.850273
-1.55859
-2.99169
-2.6983
3.06996
-5.16278
-0.85386
-7.91837
-4.2776
3.81997
-8.09579
-1.51751
0.0334862
-6.38842
-3.57317
-1.42686
-3.92911
-4.48833
-0.681455
-10.8358
-1.04782
-1.58137
4.62254
-2.20942
0.593158
-0.434731
-10.7807
-4.36244
1.19696
-4.6016
2.27786
-2.35513
-1.57985
4.69053
1.15964
-2.72571
-9.99781
-1.04697
-1.16627
0.518064
1.75503
10.7698
-1.29512
-0.864647
-0.60892
-2.34987
-2.41559
-0.145366
0.0753381
-2.98276
3.28984
0.887143
-0.638837
2.5375
-1.65494
0.112483
0.689372
-0.665683
-0.942078
-0.276346
2.79421
0.939205
3.42299
1.19249
4.04238
-0.834384
3.30696
4.68623
3.48657
8.53677
-1.10191
-3.07581
-3.24527
-8.38573
6.9531
-11.0072
-0.5906
-1.7096
1.18848
-0.386911
0.756173
-2.24408
0.865047
-0.247537
-2.63698
-1.02789
-5.11454
-3.60992
3.29704
-0.620335
4.66059
0.0691918
3.62595
-3.86968
8.66333
5.17792
-0.338498
1.88995
2.00712
1.06788
15.4497
0.549246
-0.213844
4.52335
-8.77303
0.157356
-4.25521
-0.89805
-2.75413
-3.44561
-0.898454
-2.35776
0.316415
0.328775
6.40613
-1.19785
-4.66627
-0.623287
-7.47398
1.11232
3.90807
-1.18848
1.43121
-5.12612
-0.610758
-2.49585
-13.3445
-0.901694
-0.34354
0.394429
2.04247
3.87951
-0.163369
-1.28129
-0.299793
3.38567
-6.36329
-2.91541
-0.826075
-0.822127
3.88936
3.54468
2.82483
0.496393
8.95141
-2.91858
-0.151986
2.42635
-0.334471
0.360407
-0.589505
-3.03675
5.68138
-5.21011
-1.8347
0.604513
2.99494
-5.72555
-1.86974
0.317082
-2.50413
2.16711
-0.778645
-2.07584
-3.35889
3.01045
-1.86471
-16.418
1.16582
1.89334
0.436812
1.37091
-8.02965
-6.85129
-10.4116
2.68799
8.85228
-1.45645
3.27104
-1.30901
2.62545
-6.37332
7.11581
1.88601
-2.43782
0.971794
3.53784
-1.04995
3.13152
0.362776
0.79346
-5.65557
0.956486
2.6406
-3.54859
4.25769
0.322088
4.53557
-0.621442
2.20754
7.71532
6.6191
-9.27013
-1.0756
4.34706
-2.63554
0.791897
-3.66845
0.360407
-0.31042
0.860647
1.54751
-0.602679
0.370573
-0.0612204
3.29524
-0.858649
-3.81248
0.181161
-16.1451
-2.09267
0.135934
-1.76852
-8.9872
2.49723
-2.0484
-0.183712
-6.55174
-0.870656
0.944954
7.73107
-5.21352
0.953599
4.72801
-5.74178
0.0593839
10.0316
2.48004
-0.759262
-0.702234
7.29126
-2.90828
-0.734251
-0.699582
0.981765
0.33313
-3.27998
1.53548
-1.66068
0.220294
-8.62586
6.2168
0.702234
0.142533
-1.03975
1.26113
3.6451
-0.370573
-3.22674
0.644038
-0.753086
-1.55204
1.29281
-0.361761
0.796588
-0.878687
3.85446
-10.5701
-4.31782
-2.0987
-4.07487
-2.99657
-3.48466
-7.2372
-0.195216
-2.92494
-1.1219
-0.567676
-1.76204
0.592793
0.974698
2.56559
1.96351
9.70959
-6.13918
10.8136
3.85989
2.85575
0.689749
1.38468
1.37992
13.7561
0.183074
-0.182755
13.0054
3.42487
1.95199
3.43617
2.6025
0.0141332
7.83141
0.0679641
2.33481
1.0457
8.51106
1.42011
-3.46269
3.02522
2.78206
-5.63391
-1.01945
0.859049
3.15547
-1.43701
-2.24915
-0.800894
-2.66895
3.29434
4.21093
0.971379
-3.64409
5.21522
2.78054
-3.74586
6.51994
1.01608
0.260271
-21.0393
-5.3855
-1.04782
0.832799
-0.464353
0.723541
0.0864332
2.37758
3.03428
-0.0331828
-1.48978
-1.07174
1.49817
2.02062
5.77039
1.5445
6.26242
-3.34148
-7.73897
-8.08688
-2.40153
0.225141
-0.366842
1.7518
0.14096
-1.94682
-0.594621
-1.29143
1.93022
1.36807
1.86025
-3.13834
-5.66944
-0.195856
-1.23249
-5.97209
3.25235
1.34543
2.46022
8.29386
-3.46174
0.873866
-2.92176
0.435771
-1.85468
4.98219
4.70489
2.30749
3.65016
2.69904
0.726215
-3.41549
-1.14598
0.114352
1.32997
-1.57325
1.77773
2.70125
-7.21053
2.72422
2.42837
-1.97914
-2.47661
-0.316415
-0.352299
10.1708
2.29071
-2.13699
6.87494
2.6025
0.574208
-0.25504
2.70125
-1.20816
0.0639774
0.0216781
-3.0475
1.40809
-6.25276
0.641808
-0.616648
0.0392557
0.489322
-0.687108
-8.36615
1.6513
-3.00065
6.07259
5.93282
-0.148516
-5.02513
1.5215
0.307427
-0.250145
0.16527
1.73731
-1.51354
-2.39819
3.39496
1.01608
-6.65198
0.0901408
1.63056
3.80287
-0.418131
2.50413
-1.07217
0.186265
1.03763
-1.83028
-1.89221
0.51023
-7.17753
-0.0259116
2.10656
-7.22051
-9.61196
0.746153
-1.33699
-4.46299
-2.87838
-7.43797
0.136562
-2.23522
-6.25759
0.61039
5.13607
3.70227
-11.7511
9.0478
-0.048693
-3.70123
-7.68018
-0.882711
-2.83484
-3.09426
-4.09477
-0.00720865
5.36569
13.7857
2.36435
2.90828
-0.722395
-1.31458
2.33742
0.665683
-2.68799
6.35579
-2.70568
0.0932339
-3.72191
3.01865
1.69849
2.0981
0.772041
3.27551
-0.39888
5.43283
3.53882
4.04122
0.139389
-0.483677
-0.778645
0.145996
0.978853
-6.11375
-0.0262142
2.73167
1.9931
-8.38573
13.8761
-9.71724
1.26021
-9.20491
0.327436
0.196497
2.09026
-3.76685
-5.84735
0.484029
0.307095
-2.26507
-3.28805
-0.183393
0.503836
-1.72983
8.46534
8.66872
3.11962
-1.13895
7.7668
4.42079
-2.13149
0.00420294
4.04815
0.822127
-0.499581
-0.0280305
3.32145
6.32847
1.43411
-0.830029
0.893601
2.81791
1.43992
-1.11102
-3.00228
-2.53261
-0.101291
2.2785
0.327436
-3.02111
-0.170346
-1.53398
-2.46499
1.81651
-1.14642
0.0123253
1.10191
5.30706
-0.580026
3.31782
-4.68909
-1.52499
-1.03848
0.764677
4.61694
2.58967
1.33184
1.82311
3.23026
-0.342531
5.0012
-2.87916
-1.38087
-1.03212
-1.97798
5.59686
0.147571
-0.262562
-3.29974
7.81919
-2.22512
10.1178
4.82232
-3.19437
1.79188
-3.38845
1.36759
3.75319
1.20636
-1.87534
-2.50068
-0.20998
8.72866
2.24598
-1.18892
0.622549
-0.772041
-5.30003
-3.26035
-1.15611
-0.925287
-0.75849
-0.0438185
-7.30835
2.567
0.288542
2.62545
-1.20681
-3.16235
1.71491
0.921614
3.38011
-1.17158
-2.22953
0.129349
-1.1539
3.9604
-2.3571
1.28543
-1.0144
-1.3539
-0.0612204
4.50983
0.668681
-3.40054
-3.90476
-0.112171
1.20861
-0.572755
7.68796
2.8387
10.9721
-0.865047
1.23339
-0.450725
-0.266166
-3.75634
2.25742
0.53738
5.34246
-1.01398
11.6184
-12.6192
4.43128
-8.47038
0.151986
0.517351
-2.31787
2.10052
-5.25992
-1.543
-0.667181
1.22436
8.71767
7.60734
1.03678
4.53285
0.250471
4.14213
-0.0667368
-0.238429
2.65438
4.98377
-0.751159
-1.22165
0.411242
-0.106571
-0.468909
-8.65794
1.9664
-11.423
8.31777
-1.05677
0.835969
-0.317749
-2.22953
1.36759
-4.9461
-0.0747229
3.76369
0.40849
-3.8806
0.966821
1.65755
0.307095
-0.792287
-1.05208
0.487557
6.16015
-1.63366
-1.6911
0.992186
6.86309
-3.24881
2.88622
15.895
0.0435141
-2.59109
0.829237
-0.975529
-1.24518
-6.17892
5.60657
0.658949
-5.93065
0.213199
2.8542
0.75193
-0.38896
-10.8693
2.03655
2.11566
0.081497
0.577843
-2.00712
-1.40713
5.60851
1.37043
1.71385
2.01064
-3.79861
-2.60679
-0.906966
0.459104
2.70273
-3.16235
0.724304
-0.577843
2.85109
10.8693
-0.0126265
-1.86751
-1.57021
0.556099
6.8779
-2.22575
13.1222
3.06912
-0.165904
0.162418
-4.04238
1.20995
-2.4924
-7.45232
1.76798
-3.48849
1.45645
6.11145
1.75449
1.02072
1.14246
2.32763
-0.151355
-1.13895
-0.615543
-1.23023
2.25805
2.72051
2.91145
-3.8189
-1.46768
-0.956486
11.843
-0.443413
-3.1392
-4.59743
1.47356
-2.43985
1.03509
-2.20441
-1.31087
-4.45106
-8.29386
4.44182
-2.09327
5.56602
6.94094
1.8832
13.8457
-0.190098
-5.9415
0.45561
-0.922022
-1.23656
-2.29522
-3.30876
4.4763
3.98861
2.47524
4.39342
4.52064
1.84301
-3.95591
-6.76424
-0.844702
1.53398
3.39496
-0.828051
1.22706
7.40238
0.803246
-0.242654
-1.49916
1.28497
-2.63193
5.07846
-1.72609
0.65223
-1.6074
2.54379
11.4501
3.54761
3.75949
-0.527707
-3.36994
3.18048
-3.28536
4.2024
0.904126
-0.338498
3.4646
0.741925
-0.991351
2.51036
2.32372
-4.34706
-1.6832
-0.0590779
-2.38687
-7.82326
-2.55151
-1.54099
3.439
5.03154
0.0756457
-4.365
-0.0935434
1.94567
-1.39899
1.50164
1.11493
-8.93368
-3.11962
-6.07713
0.649621
3.99315
3.29794
-9.10966
-3.21796
-2.37957
2.86821
-1.06703
-5.31587
3.24704
-1.77665
4.16249
-3.19003
-1.88433
2.28299
2.31073
1.1983
-1.0589
0.987179
0.899669
1.20771
-7.75883
4.3305
-1.46035
-0.579662
0.0938529
2.1857
3.02275
0.548885
1.05592
2.46908
-2.41828
-0.34354
0.258962
2.45002
1.63832
-8.53161
0.0529648
1.30576
-6.63275
1.33652
-4.98062
2.72051
-4.48699
1.71013
-0.516638
-11.9538
-2.56065
0.0858158
-3.62093
1.01735
0.184988
0.927739
2.39486
1.59104
2.8996
3.69198
0.19874
-1.06061
-0.0593839
0.879089
1.15258
1.25656
2.20003
6.47805
0.0858158
0.37737
-1.08894
0.834384
6.26242
2.09991
-15.7201
-0.743462
6.25759
2.18446
1.63418
-1.58952
3.31057
14.3745
-4.00224
-3.11114
0.419511
0.0621391
-1.55003
0.759649
-1.88376
1.12234
2.13332
5.50337
-0.594987
-7.09019
-1.71173
-8.81239
-0.666432
1.47111
3.13834
-0.810312
-4.60438
-0.380093
0.991351
5.44386
-1.02114
-1.99135
3.10269
-7.76281
3.54663
-4.40382
-0.0505231
-5.64965
-1.35626
-0.280296
0.887143
1.53999
-3.98521
-0.357364
3.42863
3.40894
-0.220294
4.75424
-0.594255
-5.72555
-1.24246
0.651112
0.63958
3.59895
-4.93831
-1.32297
4.55879
-0.294493
-2.43174
-3.95591
0.814639
-6.34832
0.565502
0.255367
6.66025
-2.32568
-4.02856
-5.04119
2.85187
0.750003
-0.148516
4.80888
1.81926
1.29235
3.58207
3.92356
-2.95853
3.20396
-2.4042
-1.06574
-9.83429
3.59298
-0.818577
-1.18313
1.00181
-5.02353
-0.673934
1.26799
-2.49516
-3.03263
0.728126
1.63108
-2.02357
-0.300124
-1.83083
-1.69426
-6.88088
-0.891581
-3.75215
0.524132
-0.807955
0.430918
7.63779
-1.02536
-2.94569
10.7053
1.63263
8.95141
-1.09844
-0.553572
-3.32145
-0.263872
-1.0696
5.70539
0.83478
0.186584
0.0907591
-4.44842
0.350276
-5.08172
2.62905
0.863446
1.3225
2.63337
6.21442
-1.38277
-2.68946
-1.36854
2.8612
-2.09931
1.95544
-0.387935
8.25131
4.41425
0.682208
1.20457
-2.85731
-3.91027
-1.57985
6.40613
6.89877
1.42782
3.68685
0.34354
0.26158
-11.1891
-0.175113
-8.4603
2.32633
-6.69638
1.35767
1.64766
-0.919575
-1.58239
-2.62761
-0.906154
2.27658
3.45984
-0.669056
-3.46555
-0.960203
-7.36022
-0.249819
2.49172
4.37273
0.33682
-1.08765
-0.79385
-6.85424
1.18046
-0.772429
0.143792
2.22135
8.5836
-0.505611
3.89265
-0.370913
2.08545
-7.28105
0.121529
2.37824
5.922
-11.019
-2.92494
-3.1935
-1.39708
-3.47987
-0.917945
-1.69479
0.0870508
3.04668
1.59257
0.960203
1.19785
0.968477
-1.59564
-2.65874
3.52907
3.89925
-1.71917
0.30477
-1.83858
1.30901
-0.0805724
-2.5354
-0.391351
-4.64644
-0.606716
-3.29254
-0.0496079
-4.26266
0.189139
3.62394
0.657828
3.37826
-1.45012
5.38189
1.06703
16.418
-2.87681
1.14818
-0.499581
27.631
4.42079
0.969306
1.25428
2.292
-2.84334
1.21715
-0.241353
6.29404
-0.963096
-1.4153
2.4042
-0.979269
1.09888
-2.33024
-7.29126
3.39589
2.14802
-3.16149
-1.9451
5.22035
2.45069
2.30426
-0.166855
-0.712869
-0.565502
5.76424
-1.97276
5.75605
2.2753
-3.71673
4.70057
0.876275
3.97842
7.56596
-1.03721
-2.52355
4.16729
-1.98902
-5.83473
5.33712
-1.03424
0.971379
-1.34355
0.73157
2.40287
2.04959
-1.10321
-4.77774
2.14986
-0.453515
1.97624
-0.447241
0.739237
3.0951
-4.44709
0.507387
1.18135
-1.36286
1.22526
-0.33682
0.215133
1.25155
-2.17763
3.30786
4.95547
-1.53348
-0.710587
-4.43391
-0.34455
0.169711
-3.70639
5.15107
7.25736
5.31764
-5.86849
-2.36501
-0.126218
-8.54711
0.0392557
3.11029
1.65234
0.385205
4.52606
0.98343
1.44817
0.88916
-0.735784
2.34987
10.0231
2.81101
1.3197
2.45273
1.80444
-1.75126
4.10536
-2.48209
0.838348
-8.40543
-1.40953
-5.38008
-0.876275
-0.0771844
1.1451
1.78425
11.6767
0.239403
-0.109681
0.476284
0.662688
0.048998
0.526276
-6.76997
2.00361
0.378051
-0.400594
-3.00555
-7.73897
-0.965165
-1.07045
2.01005
-4.15289
-0.865047
-2.63626
0.0636709
-3.23202
4.50848
4.30645
-0.33917
-2.7707
-2.41224
-2.6522
-0.924063
-2.05256
5.51655
1.09412
-3.71466
-3.17011
0.194256
5.19821
1.70431
-4.43391
0.0839641
1.23294
-5.32294
-2.01709
-3.78269
-1.89334
1.64195
-2.58044
-2.19629
4.90119
-3.67968
-1.45889
-8.65794
2.39219
4.07954
-3.84797
-1.79897
2.13638
-6.01857
6.08625
-1.88545
-3.36349
-4.70921
-0.173841
4.5383
-0.921206
-0.237779
-0.741925
0.60488
7.2439
2.87916
3.18222
1.11841
-1.7112
-2.78737
-0.736167
0.461552
-1.48781
-0.23713
-0.785263
0.772041
2.4473
0.409178
7.56222
0.395798
0.210302
-1.73678
2.23332
-0.602312
-3.45699
1.51403
-2.53959
-4.23053
9.91494
2.42837
-0.775535
-4.00338
-4.06322
2.12905
2.4684
3.61392
-5.47719
-0.556099
-0.524132
-0.934285
-0.385887
-1.5596
7.04903
3.68685
-8.70127
-2.07824
-0.142533
-3.94583
-4.45503
1.67061
1.4472
-6.01857
1.20322
-0.827261
0.144106
3.27104
2.32959
5.55644
2.01651
1.2095
6.76997
5.00597
5.37468
2.70273
4.17091
3.72295
-0.251776
5.90263
5.4457
0.208372
-2.74587
0.401623
-5.12777
-0.37329
-3.40054
-2.4924
3.40707
-3.38104
-2.29007
-0.11404
-1.89559
2.59394
1.36334
-0.37363
-0.784094
0.0334862
3.74064
0.638095
1.19204
1.10104
0.776312
2.28299
-0.314082
2.08485
6.32352
7.41656
-0.0932339
-5.17623
-2.42635
5.0428
3.25235
2.32307
-1.24019
-0.0578543
1.65651
-2.26698
-8.45025
3.63299
-0.387935
3.89595
-3.1658
2.13271
1.72716
2.19816
-0.535945
0.407116
-1.0102
3.26925
0.260925
-6.12991
2.94329
-0.982181
2.26634
-0.205158
1.69585
-2.39219
2.86587
0.872662
-2.35447
2.74138
-2.52494
-0.488263
-1.41001
-4.37918
-2.56559
-0.497101
-2.92892
0.798545
1.51155
6.83075
-1.23611
-1.7588
-7.10938
1.73624
-0.82647
4.67909
1.37423
0.859049
2.07704
-2.46362
-2.95371
4.3115
1.45012
3.02029
-0.833987
-1.99135
2.6653
3.928
-7.28785
4.64785
-1.76744
0.879089
4.63095
-1.11319
2.09689
0.972208
2.548
1.13589
16.5644
-1.01482
-4.83132
8.62586
-0.831216
-6.93185
-5.53358
-5.80966
1.61716
2.90275
-8.3322
1.36003
-6.96836
-1.77556
1.94911
-11.812
-1.26387
-9.98105
-1.9745
5.95458
1.12146
1.34355
1.49225
1.044
-1.34355
1.03509
0.468909
2.75638
1.63884
0.544925
0.210946
3.02029
-2.5452
1.69479
-5.29828
1.37138
9.44665
-1.78861
2.92414
-2.35908
1.83194
2.01945
-0.286231
1.82366
-12.2591
-3.90696
-2.05613
0.912654
2.92176
10.6008
0.278979
1.5195
-9.87434
2.22009
-5.1096
-2.46977
2.23585
-2.71086
-0.3338
9.17921
-1.71226
-1.82642
0.186265
-0.544566
-0.575298
-6.13454
6.16249
-0.857851
-0.849875
5.23406
3.79117
-1.89108
0.862246
-0.262889
-2.52494
3.25324
-1.70219
1.94452
7.45952
-5.11619
-0.956899
1.84856
-7.43797
-0.301782
-1.32017
1.04867
-1.51403
-4.24285
-1.38849
-1.00306
0.224171
6.56509
-1.31645
-0.242654
0.639208
1.3398
-10.431
-1.05208
-7.80702
-1.04655
1.54601
-0.198419
-7.52514
0.408834
6.09996
-3.91359
-1.62334
1.88601
3.39775
0.513077
1.77231
0.0929244
1.05634
-10.252
-3.15118
4.53285
-2.43512
1.5215
-5.61046
3.62495
-1.73999
0.983013
-1.69743
-5.01713
-8.28435
-0.0618329
1.32203
-0.00931444
-0.815032
1.45986
-0.214166
3.79329
-1.81102
11.3562
2.29974
2.24028
-0.692393
-0.968063
6.95919
1.08377
0.404025
0.330784
-4.16128
-2.6025
-4.07721
-5.65162
2.34594
-3.02029
-2.4684
5.52222
0.685976
-1.92736
4.41425
5.18804
1.2593
-2.68285
1.01356
-2.35776
-3.62194
4.02626
0.185945
-7.38826
-0.551408
-3.59596
11.843
-0.535945
-4.94298
1.03933
-0.226111
1.80116
-3.11707
-1.08722
3.39868
-1.52549
7.57344
0.695796
-1.96351
-16.0174
-3.04502
-2.32242
0.234533
-0.216744
6.23353
0.660444
14.7188
-7.59222
-0.468208
-1.38515
-0.381115
3.60592
-5.60074
-1.02747
-3.64207
-2.12113
0.845895
-0.274373
5.07683
0.193936
-0.371592
4.14094
-11.0072
-1.3225
2.09689
1.06703
-2.39953
-0.658202
2.10112
8.12265
2.78737
1.81321
3.65523
-3.95254
-2.62617
-0.644038
6.03199
3.82641
-3.07246
-0.756559
8.56791
0.0153391
1.79679
-1.63108
-0.316748
-5.09973
4.87823
-1.72716
-1.23339
-0.0453409
0.415718
2.44934
0.509875
1.03721
6.35829
-0.0398637
-0.247863
0.334471
0.113417
-0.253407
2.76617
5.53548
10.6421
-0.0395597
0.0575485
3.336
3.21971
-2.61252
-0.249819
-1.37138
0.337491
0.52306
2.18819
1.29235
13.2436
-2.28043
2.97466
0.412962
0.861047
-0.294824
1.81981
-0.360069
5.50525
-2.76768
2.66676
2.16032
-0.929783
0.37397
7.856
1.71332
0.716676
-0.529138
-1.3923
-1.59054
-11.2523
3.76475
-12.1885
-5.69136
0.280296
6.003
2.10899
-1.86192
2.42702
0.413307
0.993439
1.26158
0.888353
4.34579
-3.73647
6.59468
2.90749
1.79952
5.63588
6.34832
2.83022
1.98495
5.46418
-1.56819
-3.83178
-4.20727
0.282273
17.8567
2.41358
-0.37737
1.05123
-6.1907
-1.46377
3.77951
-1.94165
2.21192
2.23711
-0.0126265
-1.86639
0.657828
-0.398195
-0.303442
-1.23339
-2.14741
-0.152617
1.75234
-1.74911
-1.81541
1.47013
7.54733
1.25976
2.19192
-0.393745
0.0741078
0.65223
1.09542
2.98519
2.81331
-1.74374
-0.349264
-1.32623
1.11841
-0.34455
3.1727
-6.71883
0.760035
1.46133
-3.57712
0.94331
-3.61392
-0.306763
0.746153
0.772429
0.2287
4.50041
3.44561
1.69954
-1.62282
0.0636709
-1.94739
-2.986
3.0351
-2.83407
-2.3479
-7.62634
-8.62054
13.7268
-0.334471
2.62329
-5.75197
-1.84079
5.04603
0.216744
-8.9812
-3.84148
1.00936
2.81791
2.10838
-1.01693
-8.64186
3.22674
1.84745
-6.08396
2.36831
-2.51105
-3.47127
-6.27211
-9.30328
-6.26484
-6.1978
-0.301782
-1.2158
-3.45889
1.86863
2.59751
-3.77212
-0.832799
-0.574935
2.52912
7.32554
-2.72795
-1.65338
-5.64571
-1.77611
0.803638
0.186265
-2.94489
1.63884
-4.67196
-3.51161
1.20367
-2.87368
1.60997
1.75503
1.62489
1.74965
0.0346999
-0.112483
-2.83484
3.82748
-0.37771
0.136248
-7.09338
3.57811
3.83393
-1.72449
0.67694
-2.16773
-3.20047
0.556099
2.66311
0.37771
-5.16782
-2.64857
0.791115
-2.05851
1.47552
-2.99413
1.29835
-0.96351
-2.55924
5.34602
7.07112
-2.24535
-10.663
-3.96377
-1.87254
-3.06912
-3.15204
0.378391
-0.192336
2.60965
1.63884
16.4903
0.542408
-16.3474
0.304438
5.31234
1.89277
-2.9779
0.854259
-2.63915
4.1326
0.949479
3.02604
0.0547974
7.39531
0.883113
-0.094472
-2.21004
5.26513
-2.20191
-4.83282
-1.14159
-0.255367
-0.99762
-1.09455
-1.72983
-1.82256
-9.46067
-1.86471
-5.22719
6.71039
1.68636
-2.6902
-0.608185
-1.0636
-1.6539
-2.79497
3.82641
1.5445
-2.98438
-0.378731
1.29789
2.05375
-9.30328
0.704131
-2.41358
-0.348253
4.93675
-0.603779
6.39347
7.72318
-1.57477
-3.35522
0.282602
-1.60638
5.82008
-2.94489
1.02705
0.17257
1.2221
-1.53148
-0.0413841
-2.84644
-0.669806
-8.84655
-2.88779
0.83082
1.20905
2.19878
2.81638
0.822916
-3.31872
-4.01251
4.26266
-0.973868
0.0750305
-3.86533
-0.490382
-8.85228
3.13152
-0.982597
1.58188
-4.1493
2.96658
3.14518
1.31133
-0.0731855
0.407803
9.93956
1.35909
-0.711347
0.798545
-1.34027
-3.61692
1.95774
2.33285
3.48561
-10.1797
2.00595
3.57811
5.33712
-0.601579
-5.45678
-5.79513
1.51304
-1.15082
-4.94454
0.518778
0.103153
-8.91605
0.400594
-6.48326
-1.75288
-4.44842
-0.811099
2.00127
-5.79306
2.57336
-1.77502
0.427803
-0.497101
-6.396
0.0429054
-2.04069
1.24291
-6.85718
-3.94695
-3.56528
8.96925
-4.35858
-2.23901
1.53048
2.60036
-1.3118
-1.848
-2.05078
-7.12224
-1.68373
6.56509
-11.1029
-0.148516
-4.90581
-1.6748
2.25742
-2.78433
7.3015
0.620704
1.94854
1.41097
1.51403
-5.5737
3.97729
-2.39819
1.912
1.26844
-0.494624
4.48431
-4.66201
-2.35776
11.4775
-4.33559
2.06747
0.863846
-1.56111
-0.344886
2.05137
-1.44332
17.3291
1.77719
-0.388618
-1.20367
1.544
5.37468
-6.76424
-3.70433
1.23883
-3.12301
4.97273
4.05047
-0.248841
-5.85156
1.17735
-0.660444
0.520561
-1.38135
-1.72236
-2.02121
1.34637
-3.04668
0.575298
-0.280625
3.7033
-0.0771844
0.921206
0.602679
6.48326
-1.60382
0.76855
-3.30154
-4.14213
-2.57761
3.48945
6.93791
-4.06322
0.670556
-3.48561
-2.64422
-4.35987
0.108747
-1.48436
1.57376
-8.44524
8.49065
1.26295
4.62114
3.20483
1.76366
-1.30947
-1.53098
-0.778256
-6.68243
7.69575
-2.45341
6.55174
-5.5737
-0.903315
-1.62076
-1.1337
-1.41433
-0.272073
-21.0393
0.490028
-0.666432
-0.588045
-2.28043
4.58634
-1.99135
2.54029
4.92433
-1.88208
-10.2428
-2.74512
-0.0362177
-1.79842
-1.27762
0.0477785
-3.5584
-1.93936
-3.36165
-2.70125
-1.90407
-0.81976
1.29651
-2.24535
6.74998
-3.23378
-1.12801
3.37087
2.15416
3.42957
-2.25551
0.428149
1.30437
1.4584
-9.67167
-4.56566
-0.618122
-0.811099
-0.0462548
-4.15768
1.06703
-9.76351
1.60126
-0.133737
1.21985
-8.76745
0.0901408
1.03848
1.2131
-13.2685
1.14115
-2.09207
0.338163
2.18384
-0.676188
1.40234
0.515926
2.02121
-4.1493
-0.998457
1.97334
0.651484
3.81461
-0.424
-3.40148
-6.86901
-0.303773
1.4472
-6.43418
-0.416063
1.01987
-0.769713
0.154827
-12.2236
-1.58087
1.49472
-3.58603
-3.07413
4.62394
13.8457
-0.07934
-4.64926
-1.18536
-4.87975
0.940025
-4.03776
-3.65827
-0.841524
-0.108436
20.4373
-8.36128
-2.25933
-0.588045
-0.189778
8.93958
0.17734
5.62803
-1.78099
-0.194896
-7.04275
-8.05593
0.863046
-4.9166
-6.42395
12.1711
-2.53121
-7.75883
-6.84835
0.635128
-1.57731
0.104706
4.53285
3.49041
0.324761
0.611862
0.241028
2.62617
-2.42433
0.511298
-2.50967
1.86081
-0.190098
4.92743
1.5601
-4.5684
1.02705
-3.0351
-1.83525
1.73946
0.938795
0.799719
-9.96439
-3.96264
11.019
5.74382
-2.2785
-3.99088
-0.213521
-4.44313
2.14618
0.44376
-1.3804
-0.406772
8.54711
-0.502062
-0.976775
3.41456
6.36079
-7.10938
11.5613
0.530928
-9.38436
4.17332
-1.34872
0.672808
1.1429
3.05913
-0.0554085
0.733485
0.48544
-9.16645
-3.12982
-1.95774
6.8779
0.475932
-0.164953
-0.0544919
-1.31458
-2.43917
-1.06403
-0.0147361
4.45238
-0.602312
-1.848
1.6659
1.47454
-1.57833
-14.843
5.52222
-5.5015
-0.112171
3.7396
-2.22575
3.29884
2.33285
-0.473824
0.546365
1.74374
-0.69731
4.35987
-0.466805
0.625504
2.13393
1.80061
0.603046
-2.80948
-1.37707
6.10226
5.33712
3.52907
-4.08539
-0.677692
5.38369
-3.28625
-0.316082
-1.01524
-1.57123
0.685976
-2.93609
1.12845
-1.99485
-0.876275
-3.86424
1.16804
0.30643
3.82319
2.81101
-2.4473
-0.300787
3.72191
1.68162
12.5991
7.37071
-0.712869
3.11792
0.0389518
-0.757331
-0.418131
-3.36534
11.9058
2.7965
-7.5847
2.33612
6.01634
-4.58357
-1.3842
4.53149
1.242
-0.185626
10.9838
-1.12714
-4.10654
2.59965
-6.41885
-6.9531
1.80937
-2.2721
4.0068
-0.350613
3.32326
3.22762
0.779034
1.86136
0.800111
-1.84523
0.585491
8.24662
4.01709
3.30335
0.705648
17.6344
-1.01104
0.229671
8.45025
1.46084
-3.2127
4.05394
-3.53687
-1.47748
-4.07137
1.92736
0.0728781
-10.5803
-7.70747
2.13821
-4.88586
-1.33277
-1.44769
-6.49892
-0.921614
-2.21632
-2.32372
-4.42341
-5.07194
-0.0716488
-0.129975
-2.48965
-1.44234
2.41023
1.03339
-0.776701
-2.11384
4.73964
-2.85265
2.34528
-1.77719
6.41121
0.140646
-1.59206
-5.62803
-4.2776
1.09888
-2.23901
12.0522
-0.295817
1.19696
-2.1702
-1.6769
-0.284251
1.41337
-5.0428
1.32483
0.786043
-1.8703
-1.96236
-0.936334
-3.90145
4.74109
6.21919
-1.44234
-3.22586
-13.0284
10.5701
3.48082
0.39101
0.922022
-0.271744
-0.973453
1.00474
-3.19785
-4.89352
4.34451
-0.0496079
0.919575
3.77212
8.5836
3.14005
0.135306
-2.57124
-2.15048
-1.223
-0.420201
-8.81239
2.33873
-0.445848
7.63397
1.06446
-16.7983
2.67919
6.98679
5.35137
-0.297473
-2.06329
0.263872
-7.16443
-3.35155
-2.71531
-0.147256
-2.52564
-4.13141
4.16609
-1.92337
3.58405
-0.429187
0.760808
3.93579
-5.84945
-0.164319
4.65209
7.21718
10.9146
-3.43806
5.29477
-0.177976
0.954424
-0.577116
-0.926513
-10.402
3.30967
7.43797
4.35218
1.98262
-4.45768
0.584397
-2.91145
0.10036
13.5846
-0.597915
-0.331119
-1.58137
-2.86743
1.9451
0.136876
-0.0289391
-3.40988
-5.97429
-5.0541
-2.63337
1.15875
-3.41268
0.974698
1.29235
-2.00536
-5.39092
1.59768
-6.89578
-5.50337
-0.370234
-1.02451
3.2127
7.84368
2.09267
-0.700339
-3.13237
-0.145681
-0.0529648
4.25274
6.30383
1.76474
-0.122153
3.43617
-8.38082
3.18655
-4.18298
1.82476
-5.31764
-6.95005
-7.52883
1.53898
-4.41817
15.1544
-3.5213
-2.09026
-0.548885
0.760422
-6.51204
1.08334
3.19176
1.94854
2.16464
2.126
2.94169
0.846691
-2.12783
-0.0240965
1.74267
-2.38156
0.748848
-6.8779
4.23792
-1.9035
-0.520918
4.09242
-0.619228
0.912247
0.0465594
-3.55055
5.68138
0.143162
-0.97719
6.5411
-1.27945
2.76617
4.45238
-0.159569
-0.767388
1.44477
-3.88936
-4.37918
-7.50677
4.24655
1.85746
-0.930601
-4.45636
-0.197778
-0.900884
1.39947
-0.311751
0.277991
-4.23176
5.19991
2.78433
0.510586
10.5803
-2.56488
1.45791
8.14522
0.965993
-0.276017
3.928
7.03648
-1.00852
-1.71544
-0.551047
-3.15376
-3.18742
-4.98535
-1.51105
9.36389
-0.0954009
-0.318749
0.965165
-0.266822
1.21985
-0.75849
3.23555
3.9436
3.336
0.9429
-2.05316
-5.25992
0.242329
1.05805
-3.69403
-3.93022
-1.33044
-1.48535
-2.13883
4.32415
0.222555
6.27454
8.10025
-6.72447
-2.9353
-1.20681
-7.99929
-1.45304
-0.0365214
-5.88551
2.07105
-4.86605
1.53949
-0.147886
-2.89093
-5.54309
-0.47945
-1.94969
5.42916
3.00391
0.0596899
2.14434
-0.0876686
3.48178
-0.64627
-0.618491
1.82091
-0.641065
-8.94549
-0.0895225
6.86309
-1.83581
0.300456
6.46767
4.13022
0.758876
-1.18447
-9.18562
2.39086
-0.0253064
7.96495
-6.67965
-0.995947
-1.41145
7.01775
0.822916
-0.444108
-4.72221
0.00690795
0.631052
-1.60894
3.88826
1.55557
-1.73678
0.409866
2.21569
-2.22386
6.38842
1.80444
-7.10297
3.55349
-1.09455
-6.92279
-7.05218
-2.34004
3.04668
0.312417
-5.25128
-2.76316
-6.22157
5.02193
-6.43162
-1.36239
-1.02916
0.200664
2.5501
0.88916
-1.12626
2.13454
0.356688
2.77297
-9.42574
-5.14106
-8.16341
-0.462952
4.10183
-7.69965
-3.66336
0.767775
-5.62216
-1.18269
1.66852
-0.270102
2.43377
6.52522
-3.94025
1.87871
-0.494978
-4.97431
-2.56277
5.30706
2.94489
-2.01592
-2.22953
0.229671
2.98438
-9.13477
0.809134
-1.26387
1.7112
-2.69904
-3.48082
0.182755
-3.89265
0.563329
-2.9337
-2.3882
1.53048
-0.731953
0.644782
-2.68726
4.23176
1.67952
-4.72656
10.2247
-0.893601
1.4506
3.90145
-0.956899
-3.57021
2.88622
-0.682961
-0.173523
3.32235
2.5487
-1.8336
-2.425
2.79345
-0.821338
-1.44671
-1.7615
-1.53198
3.30515
-2.81101
2.85575
0.412274
0.703372
2.40755
-1.29327
2.72795
1.94223
-0.577479
1.4153
0.789554
-0.812672
0.520204
0.278649
0.30643
-0.956074
0.417786
-5.93065
-1.3239
1.05933
-1.50907
-4.91351
-1.39469
-2.98925
-3.8082
2.342
4.35858
-0.109058
2.37493
-2.07824
-1.50907
-0.105017
0.183712
-0.90291
-3.72087
-7.45952
-2.16402
-0.334807
4.93209
0.248189
2.45002
-0.925696
6.74998
-3.21095
-2.19941
-7.7949
1.88995
-6.15081
-1.91257
-2.59608
-1.521
-1.06104
8.64186
-2.66895
3.08502
-0.750003
2.24979
4.54648
3.27104
-0.451771
-5.34602
-7.19069
-10.1886
-0.295155
0.297804
-4.72221
1.92793
-0.948656
-1.82091
9.23083
1.19383
-2.81254
-1.17336
-1.55456
-1.78425
-0.913874
-4.0068
3.69095
-0.641808
-2.21067
3.99656
2.07584
0.483677
1.01651
12.2236
-0.428841
3.80607
3.04006
-2.11384
-2.77146
2.45069
1.20591
6.38338
-3.93022
9.41189
1.92394
0.937154
-0.445848
4.96174
-8.03839
-2.16773
-5.84314
-0.94331
0.839935
5.70539
10.0572
-2.68946
-0.454912
-0.591331
-14.1316
-0.127157
-12.6802
-0.628832
-1.87478
-0.727361
1.4177
-4.80888
-0.0216781
2.10414
-2.49103
-2.42298
-2.12174
-0.113417
1.06531
2.32372
1.83304
1.58239
-0.0747229
-5.72151
0.0618329
-7.83141
-12.0026
-0.293169
-1.44089
-0.931829
-2.07345
3.24438
-4.50714
-3.0825
-0.81582
0.878687
1.35814
-2.3736
-4.19267
0.267149
-1.43024
6.24553
-8.07801
-3.07581
7.46674
2.25997
-0.76429
0.457706
0.0207717
0.27503
-0.177976
1.4177
-2.05851
0.75193
-8.65257
6.54642
-9.99781
1.37233
1.26524
-8.27015
7.53992
6.5411
-3.69815
1.99718
1.94797
-2.95612
-7.47036
4.41948
-0.289533
1.42638
-0.326433
7.14164
0.174159
1.49669
0.916724
1.58748
-2.4869
1.04187
-1.83194
2.72051
-3.63803
-2.36106
0.930601
6.30383
-0.158937
-6.55174
0.950303
2.05911
-0.65223
12.3314
1.04442
6.16015
1.61922
0.136876
0.682961
-1.56313
7.10297
-10.6526
8.9812
-1.84245
-12.2413
-0.123091
-0.756945
4.31782
2.67846
-6.84835
-0.643667
-1.33605
10.1091
3.09932
-2.46908
0.0664301
-8.38573
-0.668306
-2.53261
2.07764
-4.02741
3.15204
-4.98535
0.839142
-1.3118
0.96351
-0.0885954
0.728891
0.342867
6.36579
3.90255
-4.04122
7.89744
7.23385
-6.81326
-0.079648
7.28105
0.840729
3.06079
1.60279
-5.3873
-1.46328
-9.01735
-0.340178
-3.46364
1.81871
5.77656
-2.64277
-1.26616
-2.47387
3.2241
-0.182755
-1.03848
6.98371
0.184988
-8.05593
7.7708
-5.82844
3.38938
1.20457
-0.239078
2.40822
0.771265
0.563691
-6.95005
15.3984
0.129662
4.87061
-5.3053
0.738853
1.36334
-3.18742
0.301782
-2.04306
1.96755
1.05506
4.29764
-1.18669
1.5435
2.69314
0.322422
-2.0401
1.13413
-0.557543
2.01886
-1.54751
-0.839935
5.73366
0.141275
8.10919
-4.38176
1.78425
2.18508
2.34135
-4.27635
3.05829
0.626982
-2.52633
2.1425
-3.22674
-0.354662
2.48896
-9.55342
3.55251
-0.317749
-7.37071
2.76693
-0.433344
-0.152301
-3.34148
-7.68407
1.39421
2.12113
-2.34856
4.39082
3.52616
-0.0456455
2.18446
10.1354
-2.40554
0.837555
-4.00566
-1.60946
-6.29159
2.33612
-9.12219
2.08244
-5.28253
-0.867049
0.95855
1.58188
-4.06439
0.10626
-1.48683
4.88586
5.15776
4.45636
3.59198
-1.37375
-4.58634
-1.05038
2.65801
-3.06579
-1.87422
0.641437
1.13282
-0.953187
-0.55249
2.19691
5.23749
-2.55221
-5.60463
-0.146626
-0.742309
3.3424
-7.86424
9.89863
3.2057
-3.55153
-0.305102
2.15847
3.16752
0.362776
-4.07837
2.21192
-7.71925
-0.885127
-4.31782
-0.0447318
1.12583
11.0666
4.94298
-0.34455
-5.65953
-2.17515
2.5466
3.23643
3.00473
2.6118
-5.33002
0.421236
2.71976
-5.62608
1.67952
-0.424345
1.52998
4.08539
6.69359
5.1394
-4.79549
3.32326
-0.269774
-0.0526595
5.04119
-7.94369
1.23792
1.6659
3.23466
4.28135
-1.05208
-3.9436
2.28621
0.279637
-2.22135
1.31133
2.17329
-2.03359
1.40234
1.679
-1.30391
-0.544925
0.101601
-1.04952
-0.44376
0.556821
0.692771
-4.34451
-0.883919
0.601579
-8.66333
2.31592
0.661192
1.00684
1.63988
-0.609655
-1.40378
-0.0575485
-1.12626
-1.89503
6.30383
-1.46279
4.29262
-11.2908
0.830029
2.28749
1.49323
-1.32903
-3.41643
-1.64403
3.48849
3.34789
3.84797
2.03596
-1.82697
-4.01823
0.574935
-3.85989
2.2182
7.2372
1.89052
-1.9103
0.65223
-0.629942
-1.12364
1.92622
-0.772817
1.93593
-0.709446
1.78099
0.706028
1.59206
0.438895
2.68873
-4.45768
-0.00811095
1.71013
5.01075
0.434731
-9.39809
3.28984
-0.472419
-6.89279
-0.156723
-4.44974
-2.01122
1.84689
-2.33808
-3.73022
3.05497
1.50659
-7.16443
4.2293
-0.196817
2.16341
4.19267
2.21757
10.5097
3.97503
0.992604
2.80642
-3.18655
-0.478746
-6.25759
2.85498
4.18298
10.0316
4.27261
1.5829
-0.939615
-0.128723
4.61554
0.732336
-4.48431
-3.37179
-4.64503
8.92779
-1.25292
-2.88779
-1.31738
2.31787
1.4623
-3.96602
1.64143
-3.42769
-4.66911
-1.51901
0.280296
-2.70642
-0.572029
4.30771
6.44188
4.365
2.48828
3.08418
0.979685
3.85013
9.19846
-3.10185
3.39496
-2.66457
0.169394
6.28184
-2.53191
0.384523
-0.523775
-11.5331
-4.69626
1.15346
0.519491
1.71332
-2.09086
2.95933
-2.17391
-2.72422
-0.895622
9.12847
-3.17011
2.55221
-0.0222825
-5.22548
4.23053
-0.160519
-4.32415
-3.32054
-3.45319
6.40359
3.27015
-3.47413
0.838348
2.77751
1.75073
-1.43217
1.1818
-0.17257
-1.89108
-2.79574
-1.1219
-4.14691
-5.62803
3.81568
3.72295
-8.81806
5.11454
4.89966
1.4584
-5.56793
-0.455261
-0.450028
-7.39178
-0.320084
-0.361761
2.9329
-6.02975
2.03951
-1.82421
-5.46418
-6.03872
-9.25041
2.70938
-1.81486
-9.3368
-1.8832
-1.46621
-1.13501
-0.160202
-1.87198
4.11481
-12.1711
6.81326
-3.31963
1.31738
1.8759
-1.11276
2.19754
-0.247537
-2.91779
-7.98636
0.110926
-11.5754
0.727744
-1.18313
4.70345
0.170664
-5.16446
0.829237
2.55995
0.443065
-0.322756
4.97588
1.11885
-0.314082
-3.18829
-1.65078
0.281614
2.74363
3.40521
0.217712
-4.01823
0.359731
1.50956
4.85695
-0.567314
4.05394
-1.52249
2.95291
-1.9832
1.98146
0.944132
-2.67699
-6.05673
-2.24598
-0.301451
5.55453
1.40426
12.3314
-2.06388
0.228052
-4.19753
6.9531
-1.6187
-2.67114
-0.855057
2.48347
4.56566
3.43334
-2.54379
0.187222
1.08377
0.654468
-3.37179
2.67114
-0.717819
5.51467
0.618491
7.03648
-1.49323
0.463652
3.42957
-7.25736
4.63517
1.0636
3.23908
-0.85825
-1.16981
0.0456455
1.74321
-7.01775
5.20841
0.216422
-3.79329
16.0174
13.6691
1.13764
0.0747229
2.36567
0.428149
1.09628
-1.19338
-2.77827
5.0752
-0.542768
0.103153
1.57376
-0.680325
-0.113729
4.1685
-0.152617
3.08334
-0.520561
-2.76768
2.65947
1.71332
6.7671
4.94454
-2.15232
2.94329
2.16711
-2.70051
-0.933057
1.91314
-2.03773
1.26661
-2.64929
0.513433
1.61202
10.9375
-3.31872
5.82844
5.96332
-10.6317
-1.15919
0.223201
-3.53102
-9.93956
-5.56027
1.75503
-1.9428
5.42367
-0.436118
14.3745
-1.64143
0.939205
-2.15724
0.937154
-3.70742
-4.84637
5.63588
2.16094
-1.64974
1.74589
3.60692
5.77656
-1.18937
1.6187
0.794241
0.860248
0.121529
-5.70539
-3.101
8.02965
-3.34057
-8.52646
-0.596817
1.01188
0.285241
0.191696
-9.42574
-0.820549
-1.93079
-0.734634
0.365486
2.62401
-0.965579
9.67921
0.00450338
-2.79345
5.98089
-10.3733
-5.13441
0.229024
2.39019
-0.975944
-2.02415
-1.29928
7.3015
0.320084
-1.30484
0.37431
0.798153
0.907778
0.984262
0.253734
-0.604146
2.10172
-1.27716
3.51452
-1.52748
-1.22661
-1.94108
5.11785
-4.81037
4.77332
-1.57833
-2.20378
1.00642
0.60892
5.87273
0.926104
3.33418
-5.73569
-1.31831
-1.56465
1.1429
-6.69918
1.82421
-0.145366
1.91939
-4.61554
-0.0389518
-0.218035
1.80663
0.10626
-0.225464
2.48553
4.80739
0.0658167
1.03975
4.16729
-0.0250039
0.574935
0.95855
7.3463
-3.16235
-1.66695
0.305102
0.351625
-0.0873597
-13.6125
-3.26213
1.16715
-3.3488
1.48929
2.45409
3.46555
1.66486
-7.63779
1.16715
-0.142218
-1.01356
1.10624
4.16008
0.892793
-4.51929
-1.16096
-11.3299
3.64005
0.512365
1.91427
-0.644038
0.564777
-11.6767
11.1029
-0.583668
0.292838
1.76744
-2.5166
-1.36996
-0.355337
1.51751
-1.80608
0.128096
-2.76165
-0.107192
-4.13498
-1.22255
-0.155775
3.01127
1.99485
3.15891
3.24527
2.35381
-4.54238
1.21985
-0.264199
2.32828
0.236156
4.0068
-12.0355
-5.19821
-6.21442
-0.225787
-0.206122
0.66007
-0.22094
-5.97429
-0.883516
-12.2591
-0.151355
-6.23353
-18.4975
3.96714
-5.78893
-2.49654
-2.89487
6.9653
5.86425
7.07429
0.0334862
-0.949068
1.56819
2.17701
-3.82426
-3.25502
0.0818053
-11.5897
-0.286231
-0.122466
-2.15109
-0.175431
1.18358
-0.823705
-3.6848
-3.4646
3.02357
2.77372
-3.36073
3.22586
-7.14813
-1.11232
-4.11717
-2.57761
1.27991
-0.248841
-2.15293
0.196177
0.650366
-1.43847
-3.80074
-0.266166
-0.0374326
-6.23353
-2.52285
1.45547
-1.27073
4.87518
0.230319
2.42298
0.89724
4.33686
1.28221
1.40138
-4.15409
5.74585
-0.673934
1.90407
-1.4888
-3.60892
2.54029
-0.791115
-2.09388
19.7138
1.79242
-2.98033
-0.878687
5.16782
-13.5846
0.416752
-13.3962
0.546365
-1.76852
4.30898
2.08725
-2.9067
-0.645526
-3.32235
2.08064
-13.5846
-9.92312
3.20134
6.55974
-2.44866
1.28359
-2.80413
0.663062
-0.369216
3.16493
-7.68796
-0.404711
0.965993
8.34671
1.28728
0.820549
-4.22317
-0.606349
-3.75424
0.0156407
-0.503836
-1.5051
-0.452818
-0.183712
-7.19399
1.63936
-0.535945
-2.12052
1.75611
2.73093
1.62489
-3.07999
1.20457
-2.25614
-10.5905
4.34323
1.35296
-3.37641
-1.25976
0.716676
0.295155
-3.67968
2.09689
-13.6978
-5.94803
0.362438
-1.23611
-3.96264
3.05497
-14.1651
-5.94368
0.948656
-0.0728781
-3.18482
-0.214166
0.175113
2.26124
-14.4109
5.33712
5.57947
-3.37087
0.786043
0.392035
9.27673
-2.72944
-0.88916
2.73093
-1.86974
7.07112
-4.42341
2.0603
8.50084
-1.47552
-0.794241
-7.63779
1.23068
0.503127
-4.71065
-1.53248
-2.5452
8.23259
0.0450364
3.77001
-0.614806
-5.95895
0.963923
-2.66092
2.14802
1.02705
-7.28785
-3.12982
1.52399
-6.75283
1.14642
-0.964337
-1.60535
-9.23083
0.895218
-1.96813
5.22891
-6.47286
1.51105
11.1642
2.86743
0.324426
-2.17577
9.28997
1.03509
1.94223
-3.04999
-6.05222
-1.84301
1.75449
0.257654
-2.62185
0.979269
-1.97392
-1.97856
-0.117158
0.939205
-4.25893
1.81706
4.32923
-1.5829
-16.965
-3.17962
9.28997
0.301451
3.634
0.313083
7.52883
0.292177
-1.46524
6.65473
2.45341
1.98669
0.502772
7.10938
5.31234
-2.32242
-0.190417
2.56912
2.60393
-9.25697
17.0519
1.16582
-2.34528
1.49175
-0.37737
-5.64965
-1.50362
0.683715
-4.62674
3.49714
0.69996
-0.590235
-3.28715
1.05848
0.297141
4.4405
1.88883
0.509875
-0.353649
-0.354662
7.99929
24.3352
3.88826
-3.92689
7.05218
-1.9069
2.48759
1.51801
-7.59222
1.42541
-3.88279
1.70589
-0.514145
-0.981765
1.26616
-0.576388
-11.7062
1.84634
-0.245258
0.437159
-0.820154
1.88489
1.63005
4.46964
-7.48487
0.0639774
5.73975
2.4022
-11.343
-0.720869
0.310753
-1.92736
6.71602
0.0228871
-1.35202
5.58526
0.199381
-1.49373
6.17892
5.09317
0.891178
0.688239
3.22322
-0.0679641
-0.174477
1.93193
0.245258
-8.84083
-0.138132
3.36165
2.68065
1.56667
-1.19964
0.675437
0.108747
3.56922
3.28536
2.60465
-0.802854
1.97276
-1.7112
-2.10172
0.132483
0.796979
-12.1367
-18.0969
-9.27673
2.12052
3.77634
5.51278
1.55355
-1.09196
7.02086
0.416063
2.70347
-3.9369
-2.25551
-2.78737
0.038344
9.98942
0.2935
-1.88545
-5.06544
-11.9217
0.52306
7.94793
-2.68946
-2.49447
-0.991351
-2.44053
4.09477
1.15655
3.59
1.51552
1.96582
1.5215
0.157672
7.89744
-9.06007
-3.46269
1.36854
2.47113
-0.415718
-0.530928
-0.47277
-2.41492
-2.31462
2.69535
-0.287551
3.42675
0.803638
-10.4116
-0.11404
1.53348
-0.808348
-15.2496
-4.77627
-0.436465
4.1697
-4.56154
-0.781758
14.7596
-4.06671
-0.441674
-1.11754
1.39851
-1.44915
3.23908
-1.84911
5.25646
-0.120279
0.608553
-1.03805
-0.978853
8.96925
0.748848
-0.906966
-2.71012
7.53992
-0.823705
1.33184
4.21337
0.371932
0.96351
-1.44186
1.09024
2.02298
0.311751
-13.938
-5.92416
-4.88892
2.38488
-0.0337896
-1.28037
2.86587
27.631
-0.600846
-2.75563
0.139074
1.83858
1.7518
-2.86276
-5.84314
0.702993
1.69532
-2.19255
-10.3638
2.31982
-4.82232
6.29648
-2.20003
-0.700339
5.19143
-5.59493
-9.19203
1.90011
-0.797762
-2.90749
3.8189
0.568039
-0.117782
2.10959
0.371932
-2.49103
5.31234
0.568039
-2.20441
0.55646
-3.43617
-3.77107
-1.04527
0.943721
-2.06627
1.36854
1.59104
0.826865
0.817395
0.791506
-1.3267
4.41556
0.787993
0.536662
6.99913
-4.52878
4.10418
-7.54733
-1.68057
-2.5677
-5.38911
3.44372
-0.730039
-5.66349
1.26387
-4.68766
-1.98902
-0.276675
0.922022
-5.61046
0.210624
-0.183712
9.98942
-4.77627
-2.41291
0.490382
-0.508098
3.30515
3.09426
-1.95314
-1.20547
-13.3703
2.09931
9.0724
0.0243989
-0.298135
-0.696175
-4.68909
-0.20291
0.622549
0.776312
-2.89329
0.021376
-2.57831
0.00901353
4.87518
-4.57116
0.787213
4.08188
9.66414
-8.41534
0.251449
3.83501
-0.0532702
-2.58967
-0.221263
3.57811
1.12583
-2.63337
2.47935
-1.64143
-7.47761
0.332795
-9.4327
17.4274
-1.58901
14.2333
-1.40665
7.44514
-5.10795
10.4799
-2.60107
-6.32105
1.40474
0.035307
-1.47699
-3.439
0.124654
-0.888756
1.87254
-0.281614
0.613701
-1.00264
-3.26213
4.16609
-0.134992
-7.24055
-0.615911
-1.63988
-0.416407
2.02239
-0.536304
-0.242979
-6.47286
3.40988
-4.32669
6.85424
1.90181
6.77284
-1.0262
2.19068
2.01357
1.60535
-10.4213
-4.39212
7.51043
-0.505611
-2.79497
15.609
-0.964751
-5.12446
2.41492
2.08244
1.84523
16.965
2.18943
2.17887
-7.17753
-0.0156407
-12.5594
-4.05858
-2.86354
3.52616
-0.8811
-0.0984995
-0.14631
7.71139
2.11323
-1.45158
0.182436
4.97116
0.35095
8.70127
2.47592
-1.78262
-0.574208
-5.21693
3.64814
0.279308
0.97636
0.131229
1.91484
-0.808741
1.13413
-0.437159
6.76424
8.59938
-3.95366
9.48182
-1.84856
1.70536
-3.69095
-0.467156
-0.335813
1.72236
1.39612
2.47866
-0.891985
-0.449679
-4.27511
-1.26478
-0.67694
-0.308757
-5.03315
-2.52494
9.98105
2.22575
-10.5701
-0.0639774
4.72946
1.37945
11.7814
6.45217
-2.46704
-0.0280305
2.76995
-12.0689
7.14813
-5.3194
0.617753
0.548885
0.324426
15.0169
-0.118718
1.521
-1.2122
-2.02651
-5.85156
-0.51557
-0.383159
-1.15434
0.999294
4.52742
-4.57529
2.36237
2.55502
3.70123
3.03593
0.845498
-1.95659
-3.54468
10.3074
10.9838
-4.09008
0.470663
-5.96113
2.61539
-4.53557
-2.06209
0.624765
-9.70197
2.36501
-2.61395
-0.0153391
7.35674
-3.04254
1.52648
-0.718581
0.811885
-5.63195
-1.4883
2.33089
2.61467
0.768163
-0.984679
-0.111548
3.29254
-1.30159
-2.14986
-1.28267
1.89277
5.6536
-3.78163
15.7773
-11.843
2.96739
1.40857
3.89046
-3.02111
1.74589
-5.20841
0.963923
0.337155
-5.7848
-5.69536
0.0529648
0.814639
-0.331454
0.472067
8.19549
0.396825
2.14373
0.10005
-3.05331
13.0284
2.76617
-6.65749
2.97385
0.959376
-3.28177
1.40138
-0.0219803
0.212877
-1.01062
-3.25768
-3.42581
-1.80882
0.740388
0.97719
1.25246
0.136876
-1.85746
-6.92581
0.333465
-6.88981
-1.04357
1.23339
-0.971794
-0.560435
0.768938
-2.72944
0.510586
-1.30484
-5.16278
0.0932339
3.80393
-0.959789
0.828051
1.97334
-3.34789
-0.604146
-0.326098
4.49503
-6.10685
-0.775147
0.142848
-0.528064
2.05494
1.74214
-0.709066
1.00306
0.229348
-1.34825
1.05336
-5.64177
5.91553
-0.281614
-1.69743
-0.581118
1.57376
-0.95855
-3.32872
-0.264855
-1.86304
1.33277
-3.18655
3.51452
-0.952363
0.428495
-2.64712
0.546365
0.445848
-1.88489
5.03476
-4.34962
2.50206
4.18903
4.0737
-2.21192
-3.0951
3.1086
1.85134
-1.53648
-1.14246
5.15943
2.09026
0.0557142
-3.69918
-2.01122
-1.26433
0.949068
-13.5296
0.949891
2.73615
0.626243
0.201947
10.1797
1.77828
-2.60536
-0.201626
0.306763
0.0756457
-0.740004
2.31657
-3.30876
6.68522
0.697688
0.272073
-0.675061
7.97778
0.462952
-1.25565
0.0738004
-1.60075
7.25399
0.479802
4.69483
-0.978022
-3.87404
-3.19003
0.929783
-3.26302
0.74423
-2.38089
-5.99193
-0.8451
-0.302446
1.83802
-3.17616
10.8693
1.31784
2.60465
1.23611
1.89164
2.24281
1.8832
-5.37648
-1.43266
-5.58719
-1.48633
-0.562967
10.7916
3.9147
-0.999712
8.38082
-3.16321
1.54249
0.165904
-0.235182
6.73012
-0.203873
14.6786
0.374989
-4.12073
-5.66547
3.52518
-3.47318
-0.305434
10.0316
-0.524132
-1.17114
3.43994
-9.35709
2.15786
0.78059
0.201626
9.27013
1.45255
5.12943
-1.49028
-1.26113
2.60822
4.71787
-2.06209
-1.7309
1.96582
-0.344213
-0.321754
1.72289
-5.32648
1.0317
-1.25383
-5.27034
-0.488969
0.869854
0.856653
-0.0147361
-1.68688
-2.46977
0.762355
-2.23775
5.36211
-2.06269
0.329779
-1.39565
0.633274
1.23656
-7.47398
-3.81568
1.27624
-1.02198
-4.44577
-2.1517
-3.21971
2.62473
1.7946
7.10297
0.231939
-0.835969
-1.47111
0.951127
-3.97278
0.648876
-0.177022
7.43082
-3.80927
-1.99718
1.61922
2.08184
-0.206443
-0.640322
1.66068
-2.87134
2.55291
-1.55909
0.330784
-0.518778
-5.93065
2.63337
0.124654
-4.88128
-0.470312
-5.92633
-0.0572427
-2.4473
6.28915
2.44323
-0.304105
-3.25857
-3.31963
4.74985
0.0941624
1.09974
1.75073
1.06745
3.749
-0.754243
1.26295
-10.1266
0.870255
-5.60074
4.12428
2.69756
-2.5847
1.42686
6.48065
0.250145
0.988013
0.0328795
-2.84102
3.68377
2.24788
-1.03763
-9.10342
-2.88465
0.0885954
-4.57253
0.712488
2.21443
1.46328
0.0030015
7.3221
-0.315415
-6.36079
6.23832
8.70673
-7.34978
2.25233
-3.91138
7.25399
-1.17602
8.21398
-6.73578
-6.51204
0.220617
-0.0292421
4.58496
-0.0265168
0.547085
-0.214166
0.636611
-5.12943
-0.0429054
0.213844
-4.49101
0.852664
3.67457
-1.76366
-0.0456455
-2.33873
1.87254
-4.78808
-0.184988
-0.806385
0.75193
1.23068
-3.10016
-4.08891
1.0726
-1.13413
0.692771
-14.5609
-1.75773
-0.912247
-4.34323
0.835176
3.05497
-3.78163
0.947422
0.459104
-3.84364
-2.55221
-0.308757
5.89192
7.81919
0.745769
-4.67766
-4.23792
9.05393
-3.48082
4.13379
-3.27819
-3.38104
0.598281
-0.20291
1.8877
-0.205479
-4.29639
-2.06806
2.05078
-3.21007
-1.71651
-0.758876
-3.24084
3.28984
-0.502772
-3.22498
-4.77332
-0.180843
3.05996
-0.513433
2.01357
-8.76745
0.820154
-1.35626
-0.620704
-0.0126265
2.00302
-7.95643
-3.89485
4.91197
-1.52
-0.371592
7.17097
7.5141
0.115599
1.85579
-1.17957
-0.19874
-0.76855
-1.48584
-5.78274
3.17097
-1.92793
-4.04238
-0.0876686
1.72183
2.31527
3.99315
-1.53398
6.12759
-0.478042
2.52633
5.15608
0.691638
8.18629
1.65598
1.84856
4.09595
0.521275
2.29522
-3.38011
4.94454
6.003
-1.15699
0.66007
-5.64965
0.166221
5.2016
8.11367
0.791115
-1.3506
-1.00223
-9.10342
2.68359
-8.16797
0.151039
-8.93958
-0.250145
-2.40688
-1.92223
1.9365
4.40512
-4.59465
3.6451
3.5643
-1.521
0.975114
-0.918353
-2.2308
-8.29386
-1.044
0.757717
0.502417
-7.84368
0.129975
-3.53199
4.27635
0.431958
-4.0297
0.724686
7.62634
-0.728126
-0.0520489
-1.53648
0.695796
3.48274
1.39565
-0.695796
0.806777
2.42298
1.04315
-0.0114217
-16.1451
-4.79995
-0.639208
3.15891
-1.34168
-4.85241
-3.22586
0.990516
5.71143
-3.55938
-4.28385
0.0529648
1.10581
0.887546
-0.729656
5.01713
-5.5641
0.0286362
-2.85575
-1.01356
-1.84689
2.91541
-0.946599
5.11289
-0.232588
0.0759534
-8.62054
-1.08506
0.313416
0.971794
3.60992
-0.171934
0.881905
3.43334
-6.27211
-1.15611
2.34462
-3.94471
3.76264
-0.379752
-2.5361
-10.8136
-5.91338
0.656708
-0.147571
-1.34121
-6.7132
0.148832
0.716295
-1.66016
-5.79306
-2.95853
7.45232
2.14311
2.13149
3.01127
5.31587
0.265182
-2.64205
-3.93022
-0.417786
-2.22009
8.61524
-1.97218
10.6317
-4.0936
-0.401623
4.38305
-0.262234
0.300787
-2.31722
0.841921
-5.56027
-1.26524
1.4623
-1.08679
0.971794
-0.518064
-0.458055
6.28427
-6.15781
-0.499581
-1.84634
-2.49172
0.422618
1.16848
-2.28428
-2.49999
4.72221
0.421927
0.494978
-5.50337
-2.38421
1.05464
4.56566
-0.407116
-0.58768
2.78509
0.0563255
-0.783705
-1.70483
2.75488
-1.78534
0.404711
-8.01226
-1.72609
-0.681831
-2.18881
-1.29882
-3.5213
-3.27819
1.80882
-1.10191
-1.96698
1.9745
-4.97431
-1.50659
0.387252
2.75187
4.46698
0.455959
0.127783
-10.926
0.309755
0.946599
6.70478
0.698067
-7.11259
-0.721251
-0.311419
0.678068
2.01416
-0.566226
0.229024
0.55935
0.10937
1.09369
0.342867
1.49669
-12.96
2.70568
-2.69388
-0.21481
2.29844
-1.11754
1.88714
-2.98519
-2.96739
0.584397
2.78813
-0.130289
2.83716
-3.36994
1.31738
-9.02341
6.6741
4.38047
-0.624765
-0.156723
0.462952
1.63418
-10.8469
1.34449
-2.65002
-0.702234
-1.39326
-2.87916
0.995111
-0.469961
-1.28405
15.6641
0.280625
-6.94701
3.99201
1.78317
0.326098
-1.33746
1.95717
-0.904532
2.13821
0.0941624
4.80739
-2.50206
4.66911
-4.75131
7.59977
-1.13939
-0.0225848
2.85032
3.03593
-1.44817
3.5437
-1.05378
0.298467
6.24073
2.35579
0.16527
-10.3449
1.38801
0.706408
-5.71143
-4.63517
-9.4677
-6.7132
0.520561
1.22978
0.0972597
-1.19204
8.84083
0.50029
0.747693
-12.8061
-0.5906
-0.741156
-0.978437
-1.05208
0.934695
7.05218
-1.0144
-1.84134
-2.46294
1.13895
-4.99168
0.431265
2.82406
5.67143
3.76264
2.2978
3.25324
0.463302
-0.905343
-2.95773
-0.303773
0.0483881
-4.47897
7.87251
-2.82098
0.369555
-0.114352
-3.73751
5.29477
0.95855
-4.14213
4.89812
-3.32872
0.0153391
0.13876
-3.91912
-3.79011
5.77245
0.457007
-0.740004
0.985096
5.10137
0.592793
-3.65523
0.0587719
-3.61392
-1.36949
6.16249
9.25041
-5.5015
-0.148201
5.37108
-1.94165
1.61048
-1.6612
3.15977
-2.48828
-4.08656
-5.19143
5.04441
-10.1004
0.573845
-1.03001
0.124654
1.56465
-2.02769
0.67431
0.07934
-5.08009
-0.116534
11.5191
-0.657455
-4.71787
0.10067
-0.512721
-5.33357
2.20691
-2.50967
-0.724686
-0.26879
-1.46084
-0.485793
2.18943
-0.121529
0.129975
-1.25976
-3.58009
-1.43556
-0.0456455
-2.69535
-1.79188
8.09133
0.900884
6.84247
0.770877
-1.43217
5.03315
0.560435
-0.242004
1.55607
1.68846
4.0297
-7.21718
9.61936
-5.42733
-6.82783
-1.72929
-0.435771
3.17702
4.18419
6.19543
1.0081
-3.87732
0.814639
-4.30645
3.75529
0.124342
7.63015
2.05316
6.59197
-1.35814
1.77556
-1.72023
0.728126
0.777089
3.11538
-0.92733
3.14347
-0.154196
-8.08244
1.43169
-0.406772
1.97276
2.15786
4.24408
-5.68936
-0.30776
-2.82021
3.50485
-6.20254
0.937974
-5.44386
-0.903721
-4.78957
6.64098
1.58595
-0.0688848
-1.0666
-3.0909
-5.45308
-0.845498
-0.159886
-4.87823
-2.11809
1.88714
-2.42635
1.44623
1.07474
-0.146626
-3.75529
0.295817
-2.73018
0.841126
-7.23385
3.54175
-6.67687
-8.22327
8.09133
-1.0224
10.6421
1.97914
1.78208
-1.31738
-1.47601
0.660444
-0.288211
1.99485
1.12801
1.38373
2.28749
-2.74138
-3.39682
4.41948
-2.31073
-8.9872
3.14775
1.20367
-2.28621
1.34027
1.06403
8.92191
2.64567
-16.7183
0.112171
0.876275
6.14383
-3.2559
-4.20727
-2.86042
-5.31234
-0.30776
-4.52606
-0.0328795
1.38896
0.343204
-6.09081
-1.36428
1.22978
3.22059
2.2182
1.23068
-0.0858158
0.689372
-0.39751
-10.5803
-0.685599
-0.990934
-1.38563
0.66194
1.28359
-3.69609
-9.97271
-16.418
2.64422
0.757331
-1.94624
0.763903
-2.95853
5.30354
-0.868651
-1.00474
4.62114
5.76014
0.339842
2.13088
1.83028
-3.80393
-1.11928
-0.0978795
-0.226758
9.30328
5.82426
-0.738469
7.82733
-0.172252
5.56218
-6.10915
6.07713
2.37824
-3.31872
-0.0456455
-0.981348
-2.62545
3.50582
-3.31419
-0.569489
-1.3823
0.485793
2.53261
-0.458754
0.421927
4.54238
-1.94739
0.177976
1.02156
10.2795
-0.115911
-2.26124
1.55909
0.270759
-0.149147
-1.1707
-1.53949
-2.61898
12.3498
-3.91912
-4.62955
0.374989
2.12113
1.25611
-2.27466
-0.85386
-6.55974
-0.728891
0.209015
0.924471
-2.74662
-6.41885
-0.705648
-3.20658
-11.2395
-2.36303
-0.595353
-2.63626
3.47318
0.475581
2.1108
-3.3488
4.04468
1.28543
7.38826
3.50678
-4.08773
-0.449679
0.494978
-1.25656
1.56971
0.638095
7.73502
2.3703
0.367859
-0.815426
-5.60463
-2.21318
0.300456
-1.05038
1.2689
2.55291
3.50485
-2.09388
4.33813
2.23206
2.64494
1.87703
-2.82636
-1.64454
-1.95774
-2.37758
5.79513
-0.193616
1.46621
-0.47945
-3.2764
5.9699
4.4405
1.06189
4.047
-10.8805
-5.15441
-1.7006
4.30519
-7.03022
-0.621073
1.23702
1.74482
-3.7271
-6.27697
-1.50411
-2.99006
-0.741925
3.17616
-2.88779
1.0389
0.613701
0.383841
7.99929
-2.3604
4.54375
0.595719
4.23915
-2.47592
1.38373
3.01455
-5.56793
-2.74438
-1.47847
-4.22072
-4.31909
-4.74839
0.898454
-1.68425
-1.60946
-3.97616
0.609288
0.536662
-3.40054
0.675437
-1.4545
-1.9069
-2.70568
3.16149
-0.516638
-0.430918
-0.493916
-4.06788
1.4667
-3.1996
-4.20849
1.02705
2.01298
8.75631
-0.00120024
1.0491
10.1004
-5.56793
2.1702
2.29586
-2.40153
-0.526991
3.06329
1.56212
3.77529
-6.94701
-1.84412
3.22498
1.83581
-3.4324
0.0969498
-7.2039
-2.37493
-2.76542
-4.75716
-0.885127
-0.254714
7.10617
-4.522
0.612229
-0.763903
-10.5905
-3.13834
5.19482
1.70431
-2.69094
-4.32923
-2.43107
0.485793
-1.02536
-2.85342
-10.3543
-4.81335
9.16645
0.111548
-12.0355
4.26266
-0.783705
1.52499
0.0508282
-3.37087
-1.69321
-2.44866
2.16711
2.42231
-0.913874
1.4888
-3.94136
-0.388618
-1.01104
-5.41636
5.21181
-0.0960204
-3.693
4.94922
-0.700339
-1.51503
-0.663062
-12.6394
5.14106
1.16848
-10.431
8.47544
1.62746
6.94701
-6.84541
0.110303
-0.814639
-4.15768
-1.50907
-2.09448
-9.23734
-0.0147361
2.65947
-4.02511
-5.92416
0.343877
-0.166538
-0.746538
-0.187861
-2.46431
-0.359731
-1.45352
-1.26707
-0.419856
-10.5701
0.434384
-1.76474
0.0719561
6.33342
-2.30167
1.76258
0.257654
9.27673
-0.177658
-0.0422968
-1.44234
-1.58036
1.65859
5.03797
-0.59938
3.5281
1.58036
-1.29373
-0.919575
-1.74321
-4.98852
-3.36349
-0.912247
-3.6532
0.891178
-0.021376
1.27762
9.09097
-0.749618
-3.03428
3.43994
-3.16149
1.48092
-2.58328
3.13152
3.78693
-6.74429
4.29388
0.521632
0.371932
-5.88551
-0.344213
-1.71651
-1.34825
6.7671
1.47209
3.78799
-0.229348
-4.73964
13.319
-4.87975
11.812
5.29302
-0.308425
0.717819
10.5297
-7.70747
-7.93523
9.14108
4.67196
2.94649
-0.384182
2.57477
1.92565
-5.73975
7.25062
-0.168124
8.70673
4.13498
0.512365
-0.393745
-4.0148
0.810705
-0.405398
3.02193
-3.53297
-9.51741
2.48141
-0.113417
-1.93421
3.69609
-3.10353
0.496747
-1.14906
3.2057
-0.761968
-0.698446
6.55441
3.35063
-4.86757
-12.5007
-1.32717
0.722395
-2.20879
-0.535586
1.92622
-2.93849
-0.446196
3.29614
-1.91257
-0.00180054
0.769713
-0.390326
-5.42184
-0.537021
0.858649
-4.70777
0.793069
0.365486
12.206
0.111548
-0.993857
7.23051
-2.37427
-2.47456
0.374989
2.31592
0.622918
-3.44467
-1.83913
1.55758
-3.60992
1.02114
-0.4382
-2.31397
-2.2289
-10.5803
1.70854
-2.97628
5.4018
-0.0569369
1.33839
-6.40613
-0.32911
4.35858
-7.44155
9.58255
-2.42298
4.55879
1.96698
0.427457
-4.89198
5.89192
1.14466
3.49618
-4.47897
1.91087
1.2511
20.1763
-0.593158
2.43985
4.31655
-0.287221
-2.84877
-0.778256
0.733485
-0.933466
17.6344
3.16407
0.132796
-4.33431
9.67921
-0.719725
-13.0985
-0.508808
-5.54118
2.92097
-2.12722
-7.54733
-8.00361
-4.96174
3.20396
2.88073
-0.131229
0.274044
3.97616
1.02156
2.75488
2.98357
-0.982181
1.13501
0.359393
-0.435077
-2.79726
2.61467
-1.42059
4.37402
-5.01873
0.965165
-4.00566
-0.222232
-0.216422
1.43459
-1.36949
-1.09888
-4.09477
-0.518778
4.66201
0.498518
-1.87815
0.704889
0.849079
1.54249
-1.31645
-5.77039
-1.89898
-4.78513
2.04129
-2.61969
-0.628092
-0.200022
0.243956
3.43617
-0.226111
1.83858
-0.369216
-3.39031
-6.27211
1.94567
1.05933
-0.618122
-1.51453
-2.99332
-3.04336
2.50967
0.886336
6.71602
-0.0289391
0.641808
-1.93765
0.531286
0.317082
3.27461
0.226758
2.88073
-1.23339
-2.42837
-7.78283
-0.00180054
3.98408
2.40822
-1.27028
14.4477
7.64162
-2.83407
1.08722
-2.10475
-9.77909
-6.53315
3.39124
-5.32648
-6.4214
-5.18466
-0.507387
-4.33813
-2.22009
-2.01768
1.02663
-4.22439
3.88717
-0.541689
2.31138
1.41241
7.92679
-0.112171
-1.12016
-1.46475
-0.327436
0.37669
5.7296
0.498518
5.24093
2.42837
-1.74267
-0.859049
0.303442
-1.1337
3.2559
0.229024
1.7734
0.33682
1.01608
8.72316
-0.210624
-1.13764
-3.81568
-0.848283
-2.5677
4.2293
-1.38992
0.317749
7.58846
0.261252
0.313749
-2.6726
1.9931
0.884321
-10.9955
1.0474
-0.0741078
0.342867
12.4815
9.16645
1.75988
1.36949
0.321754
0.600846
2.57407
0.9801
4.23915
-2.40086
-7.72712
1.20054
-3.95479
5.32117
-3.8806
-0.508453
-0.00570542
2.47729
5.97869
-0.486851
0.265182
-0.674685
-5.21011
3.76369
0.491795
1.56819
-4.0609
0.136876
1.87983
2.26507
1.5763
-2.11202
7.2372
-3.8675
-3.02193
0.332124
-3.30425
0.152933
-4.6016
3.11538
-0.835969
6.05899
-4.51794
0.266494
1.44769
-1.4888
-0.170029
2.6902
-1.09412
1.99952
0.0621391
0.821732
1.33137
-0.816214
-2.51105
8.89852
0.957312
5.25819
-0.196817
12.8061
2.42904
1.48043
1.81157
0.277333
3.87841
4.86301
-2.93609
-5.7296
2.62977
0.60488
0.078108
-0.263544
0.740004
1.66486
4.21949
5.05734
-2.03773
2.21381
-1.0756
-4.64221
-8.4005
-3.51742
-3.97842
15.5019
-8.44023
1.47847
-0.179569
1.08033
0.311751
0.731953
-1.31924
2.567
1.26616
-7.98636
-12.019
-1.88208
-0.80207
8.29863
-2.41492
1.25337
-2.72646
-0.194896
-2.91303
12.8931
1.37233
6.39853
0.979269
-4.0983
3.8082
0.395113
2.38421
-5.36211
-1.42734
4.14213
3.28536
-11.9217
-1.85468
-1.98727
-4.6977
-2.5487
-5.3639
0.10937
-4.24408
1.45109
-0.378051
2.02887
4.8509
6.7757
2.1321
-0.680325
0.11903
4.98377
0.212233
-6.08396
2.36567
2.93769
5.68138
-4.33177
-3.66437
-4.70633
3.928
2.36831
-1.29143
-6.94701
4.92898
3.14518
-2.10656
-0.0904499
1.41914
2.07225
9.76351
-10.9375
-0.863046
-2.36765
-0.308425
0.0453409
1.13764
-6.41121
-2.30232
3.06745
-4.62114
-1.24791
5.53548
-6.1907
1.85412
-6.86014
-5.91984
-0.520918
1.43314
7.35674
-2.43782
8.05593
-7.50677
1.36003
4.42603
-4.4326
-0.634016
2.86354
-1.09801
0.102843
0.0935434
1.03975
2.30361
-1.96813
2.60894
0.92243
0.681831
-1.34402
1.02072
0.736167
6.69079
0.842715
2.75563
0.393403
1.68373
10.4505
3.43428
-4.81484
2.16279
1.4033
0.136248
-3.28446
-8.07801
0.423654
2.10535
-0.00180054
4.01823
13.7268
-3.54957
-1.47994
0.512365
0.602679
0.0395597
-6.44188
1.72769
-0.265182
1.0389
-0.04108
-1.28958
2.47319
-1.18803
-1.79024
4.65209
0.740388
-0.317082
2.0981
-2.99006
-0.593524
9.29662
-1.1495
0.434384
0.0876686
-1.77882
-0.347917
-12.3682
8.06033
-0.647759
2.63843
0.794241
0.311419
-2.53191
7.22384
1.14159
-0.270759
1.36759
-4.69914
-0.71401
0.189778
-1.43895
1.04612
0.559712
3.26391
-0.542408
1.77502
-2.09207
1.86751
-9.01129
-2.01827
2.69167
-0.0547974
2.95291
4.04584
-1.58697
7.32899
-1.70854
-1.20278
-2.69388
0.142533
1.46328
-0.837158
8.31297
-10.3733
-1.02198
-0.202589
7.8891
-7.70356
1.2411
-0.557543
-0.242979
-5.90907
0.935924
6.1415
-1.5936
-2.91779
3.24969
-0.608553
1.90294
0.556099
0.505256
1.86471
-3.83501
-2.40353
-2.1376
5.17623
0.560435
-0.999294
-2.36369
4.90119
-3.00636
-2.09147
0.470312
-4.81933
-0.136248
5.4255
-0.579662
-4.22072
6.5785
-2.36501
-2.11323
2.90591
0.092615
17.6344
6.62728
7.19729
3.69095
2.77827
2.32112
5.87486
0.496747
-1.19026
-0.98343
-4.32162
0.71401
2.67333
-9.73258
-0.338498
-0.860647
-3.01127
-0.930192
-10.252
0.00180054
2.12113
-1.86415
8.93368
0.269118
-4.56154
11.423
4.40382
6.47026
-10.8469
0.301119
0.0833471
-1.71917
-0.853063
6.17656
-0.648504
-2.98763
2.869
0.394429
-1.88039
7.40238
4.63657
-2.20066
-1.2158
7.29808
0.334807
-4.05394
-0.141275
-5.49962
-0.598281
-2.65947
3.47222
4.4326
-2.12783
-1.81266
-0.231939
-4.19025
-2.14373
-0.574208
-3.86859
-0.524132
-4.75277
0.247863
4.13498
4.92433
0.107503
-2.95692
4.94766
-0.312417
5.62216
4.90119
0.068271
-2.77902
2.10535
2.47661
-4.81634
-2.25233
3.3543
-2.17206
-0.306098
-5.9699
3.24084
-1.63056
2.01592
0.395798
-2.59679
-1.52349
-0.197138
0.366164
-1.30669
0.0688848
4.25893
3.928
-0.638837
-3.69403
-3.27104
0.466455
3.39961
4.38305
2.85342
-1.6487
-0.761582
4.18298
0.40849
-5.05572
-1.0898
-1.29697
-1.75934
-3.60592
-1.60382
-0.673558
1.16494
-4.95078
3.09595
1.38468
-1.78317
-3.02769
7.14164
-3.45889
-0.0947816
-10.2981
-0.670556
-0.118406
-2.04662
1.5987
-4.89045
-1.81871
0.264855
3.90255
2.77902
-2.19504
-6.44702
0.76855
-0.3835
-3.03098
11.3694
-2.13027
-0.659323
-6.16249
5.24093
2.40353
0.795414
-6.34086
4.85392
2.84334
-3.38845
0.987596
0.355675
0.240703
0.9801
-2.13821
6.13686
-4.95391
-1.5195
2.83484
13.1461
1.56061
-2.35184
1.13238
1.12757
-0.332124
15.5019
-1.44526
6.29159
-0.351625
-1.20995
-1.4009
-2.23522
2.22072
1.5601
-0.928147
-1.2905
-6.70758
2.79574
0.187222
1.49225
1.79842
-2.88622
1.75234
-0.247211
-2.06806
-9.50312
-1.58137
0.628092
3.50775
2.17515
-0.87226
-0.772429
0.642551
-1.66172
-1.71067
-0.417097
-3.57218
12.5792
1.01272
-3.28356
-0.593158
-9.58988
-5.85367
-3.52616
-0.715914
2.09931
-0.388277
-6.06578
3.90365
0.939205
0.948245
0.851469
1.13282
-1.04655
-2.67699
-0.300124
-4.05974
-1.7197
-0.641808
-3.58901
-3.73647
0.663811
1.76636
-2.08485
4.04815
-0.129662
-4.90119
1.0406
-1.23113
7.3359
4.0936
1.83525
2.30361
-5.89192
1.67166
2.05673
-0.0120241
0.356013
-2.96497
0.503836
7.38123
-2.23964
7.71532
-1.06403
2.46226
3.77423
2.60036
-0.0938529
8.77303
-2.84644
-0.557182
-1.02536
0.0156407
5.88124
-3.11707
-7.15464
0.515213
-0.0994297
8.04715
-0.898454
-3.46364
-7.33937
-4.60856
4.25026
5.98089
-10.3354
1.43121
2.98519
8.20935
-1.97276
1.42879
-0.385546
1.07045
-2.87916
-0.988847
-1.44477
-10.8136
0.100981
1.65078
0.954424
1.63366
-1.23702
-0.501708
0.210302
2.58115
6.44702
-8.07358
1.02874
-6.22635
-0.871859
-0.898454
1.24564
-1.02747
0.156091
-4.24902
-1.79078
-1.64766
-2.64567
-7.44514
-11.2395
-0.653349
0.681831
-6.95919
2.35447
-0.465403
1.3804
-2.51383
-0.928965
-4.32289
8.0166
-5.43099
-5.09317
0.431265
1.0726
3.60792
-3.39961
0.645526
-6.26242
8.00361
-2.60107
2.65947
0.0541864
-5.494
1.82862
0.395456
-0.372271
0.20291
-1.18224
-5.17286
-0.187222
-11.0072
-1.80882
-1.55254
0.463302
-4.22194
-4.53966
0.406085
-2.33808
4.20971
-5.12446
-3.25147
-2.66895
0.818972
1.24337
-0.164636
5.39454
-2.3479
0.296479
0.806385
3.63601
-0.0192617
1.03382
-4.08422
-7.73502
-0.0192617
3.49137
2.969
4.31276
-5.22548
-4.71932
0.685976
0.401966
4.18903
-2.32177
8.28435
-3.74482
-8.4005
-1.65442
-2.29909
-2.31333
1.2212
3.805
2.50552
-1.87927
8.20935
-0.0728781
-6.28671
-4.28385
3.90696
-3.48466
4.72656
-3.21358
0.166855
0.122153
1.28451
-1.62282
-0.644038
-0.650366
1.64974
-2.28878
-0.813458
5.7581
-3.44561
-5.1394
-1.16715
-0.985929
11.3038
-0.732719
-1.42589
-2.40153
-2.84644
-7.51778
-0.232263
2.62545
2.5354
5.84524
0.288211
4.70633
4.50041
-0.906966
6.01412
0.412618
-0.963096
3.58405
-0.183393
-2.4022
-4.40512
-0.0609143
-16.5644
9.67921
4.99802
-1.43411
-0.885933
3.83609
-1.96813
0.481563
12.6394
-1.22481
2.27466
2.6983
-6.99604
-0.0444273
-0.20291
4.73091
0.201305
-0.627352
-0.103153
1.04442
0.887546
-0.76855
0.672057
1.95026
0.418131
-0.909403
-4.08071
3.3931
-3.35706
-2.60465
4.95391
-1.8832
2.14005
-0.109992
-6.60822
-1.63522
1.57985
-3.19698
-0.788773
-2.04484
1.35956
-1.97045
0.412618
0.761968
-2.60179
2.61467
-2.59537
-0.144421
-0.892389
-2.36501
-1.2625
2.12905
3.36718
0.33246
-0.688617
0.338498
-5.76014
-1.95602
2.47113
1.31505
0.32142
6.88683
5.07683
4.19875
5.33712
0.617016
6.52258
-2.02474
-0.177022
0.018356
2.55432
1.32623
4.32923
0.652976
-0.881905
2.66676
-2.52077
-1.72023
-0.175749
3.7658
6.46767
0.223201
-0.916724
-0.841126
-0.771265
1.88601
0.512365
5.49025
-0.0447318
-2.21381
-2.28171
8.82942
1.37802
-6.49892
-0.00240096
-3.18048
2.13944
6.6741
0.309422
1.50015
-1.23747
-0.126531
0.0762611
-0.667556
-1.22075
-2.15909
-1.08765
4.94922
4.46698
-2.96578
-13.6691
0.117782
8.05593
0.381115
1.12932
-6.24313
0.880296
0.932238
4.89045
4.16609
-0.975529
-2.08304
-2.5069
16.5644
-2.01474
0.272401
-0.27273
-1.0474
0.849477
-2.14556
-4.75277
-3.09847
2.72646
-0.767
-2.52564
-3.22234
4.08773
0.735784
7.12547
-3.04502
2.29264
6.44445
0.664934
-6.15781
3.33327
0.962269
-0.122466
-0.168441
-2.0987
-1.13983
3.23996
-1.55909
0.617385
-0.527349
4.90735
0.87226
-1.66433
-2.68799
-1.27991
-7.27765
2.74587
0.873866
2.53121
-5.95676
12.1026
11.7062
-0.157672
-0.205158
-2.56418
-3.12216
9.39122
3.51355
0.0547974
-1.59308
-1.63211
-12.3682
6.49108
0.123716
0.147256
8.70673
1.60228
5.64965
-4.79253
4.79698
0.602312
0.0159423
-7.82326
-2.73466
-1.03466
0.33917
-9.27673
-1.88039
-1.73946
-0.0612204
-1.73036
1.35956
1.47111
11.2142
-0.723923
-0.405398
-6.88981
3.87841
0.643295
2.31982
-4.79846
-0.146626
-4.75277
-0.423654
2.68212
0.900074
6.4214
1.86304
-1.40043
-0.250471
-1.23566
2.31333
5.56602
-0.540252
-9.12847
5.50902
-3.13408
2.16279
-5.30179
-1.26478
-0.291516
1.47405
0.286891
10.8136
3.7679
-8.90435
1.13545
-0.903315
-0.0465594
4.1326
-0.883113
-3.36718
3.61692
-10.3828
0.453864
5.2461
3.53589
-2.1187
-6.32105
-2.24028
-0.738853
3.98747
-2.57619
8.07358
-6.03872
-1.9589
-3.28984
2.1425
3.19524
-0.250471
-0.184988
3.49041
-4.49772
-6.72729
-1.75288
1.32297
0.131856
-16.6403
-5.97649
0.820943
-4.34451
0.471716
3.39868
-2.47182
-0.320752
-12.3498
0.466805
-0.577843
-1.94911
6.94094
2.78737
-1.02536
1.89898
0.242329
0.850273
1.46915
7.15464
-3.2162
-7.22717
0.785653
6.88981
0.160202
-0.933057
-6.41376
13.2436
-0.397168
-11.2779
0.598281
1.09369
-10.0401
-0.651484
0.199061
-1.0636
5.14106
-0.207729
-1.67323
-4.75863
0.779423
-2.00536
-0.208693
1.6187
0.378391
8.47544
-0.038344
4.53557
0.688994
0.508098
0.796979
2.98925
-0.544206
0.178613
0.628832
0.310753
-6.99604
-2.04425
-5.32294
-1.51751
-0.661566
3.05746
-1.85134
5.66746
0.610023
-0.960203
1.18669
1.7309
5.14106
3.26658
0.211267
-2.02121
-0.0808805
7.82733
0.560435
3.33418
-0.131856
5.86001
-2.534
1.2593
-0.387252
-0.866248
0.108125
0.335813
3.39124
1.61408
-4.87823
-9.93956
0.457007
-4.1326
6.60822
12.6394
-1.41145
-0.917131
0.793069
5.73163
-2.52494
1.9745
-2.14925
-0.0762611
3.07163
-4.38694
-0.404025
5.82635
5.922
-6.32352
-0.435771
1.71438
0.869052
-3.59298
-1.14994
-0.254714
0.934285
0.672057
0.335813
5.5641
-2.56206
3.749
-1.43556
0.532719
-2.16341
-1.98088
-0.423309
1.61048
-5.16278
2.16094
-1.72236
1.77665
-1.23294
-0.693527
-4.88433
3.45984
2.02357
1.81157
13.1945
-4.77038
-0.48544
-0.619966
0.0413841
0.424691
-4.73091
-10.9721
0.874267
1.29835
-9.50312
0.476284
-7.79893
0.0529648
-0.178932
3.23466
3.43617
3.47987
-0.510942
-2.15663
0.690127
-2.17763
-1.82697
0.912247
0.215133
0.511653
-0.950303
4.33941
0.4382
-1.82807
4.48833
6.33837
0.391693
-0.670181
2.87056
1.75503
-2.58399
1.35531
-3.03098
1.52648
-1.43072
-3.76369
2.9513
-1.92053
-2.65147
6.05222
-8.57313
-0.375329
-6.4163
5.66547
3.26569
2.74962
2.12661
0.192016
2.23711
1.85579
-1.15214
2.11505
1.08722
-0.549966
0.499227
-3.14347
-0.513789
0.321754
0.252428
0.826075
3.41737
-2.46567
-0.557182
-5.14106
4.32796
1.18758
-13.1222
-3.49041
-0.489675
-6.01634
5.8055
-0.151039
0.0120241
1.20905
-3.2241
-10.2611
0.475581
4.42997
1.11667
-1.20457
3.10269
13.7561
-1.67742
0.719725
5.55644
10.2981
4.2639
-15.4497
-3.11622
4.20971
-0.130289
-0.0313634
-2.92892
1.12626
0.962683
1.3904
-0.217712
0.663062
-1.4033
4.04931
1.99077
9.53176
0.513077
0.699203
-2.75187
-0.96351
-0.386229
5.55262
0.525561
2.05613
-2.84334
1.70219
-8.03839
-10.9721
2.72944
-4.01023
-7.99497
-2.24535
0.515926
4.21337
2.12539
-2.45545
6.47286
18.3579
-1.16273
0.0377363
-0.00781016
-1.40761
3.38381
3.12386
-5.95895
-0.926104
1.17957
4.4326
3.0825
11.9217
1.95486
-5.33357
-2.6341
-0.276346
4.07137
-5.75401
8.20935
-4.42079
-0.190098
-0.983013
5.21011
-2.73989
1.79569
-3.66336
0.626613
-0.0569369
-0.113417
1.34214
8.93958
-0.990934
-0.217067
-6.11375
-2.16094
-2.83639
6.03423
-1.23204
-1.31412
1.71067
4.16729
-4.89658
-1.9428
7.14488
2.44256
1.6832
6.95614
0.0722634
5.90692
2.03714
-0.664934
4.88128
3.37918
-0.0413841
-3.04088
-4.73964
-3.05829
2.26379
-0.541689
-1.37945
2.08244
2.4993
-0.370913
-1.89221
1.65755
0.804423
0.354324
-4.49235
0.745384
0.0741078
-1.18358
-2.96981
2.43579
0.0508282
-8.4203
4.31655
1.6378
-1.08463
1.05933
-2.11141
-1.05208
-1.51304
1.99776
0.63624
-0.805207
-9.64166
0.58987
-0.162735
-0.995947
-4.78365
-1.73731
7.43797
2.89172
5.03315
-5.63391
-7.9735
7.19069
3.86859
0.494624
-13.557
-5.06058
4.41294
1.0123
-0.427457
-1.98088
-0.00901353
-0.365825
2.01709
-6.16249
0.927739
-2.11262
0.369555
17.5291
-8.23726
1.82201
-2.40086
-6.58119
7.14813
-6.29893
-4.46565
3.82211
-4.68337
3.89595
8.4603
0.356351
3.24438
-5.35495
0.40128
-0.693905
0.0994297
-8.47544
0.569489
3.07497
-7.84368
-4.44842
-0.173841
-6.81908
-4.24161
-7.91837
15.348
-6.74429
1.11189
-1.49719
-4.17694
1.90237
5.09809
-11.3168
-1.10364
6.41885
-5.84735
1.2593
0.157672
1.79788
4.60021
-0.252102
2.74962
-16.3474
-1.20278
-8.26071
4.77038
-4.29011
-4.64644
-3.2162
6.79009
0.164319
4.65068
-0.97636
-0.0195637
3.05414
-7.32554
-5.3478
5.36928
1.49669
-1.75126
6.66302
1.34355
2.30749
-2.94809
-1.58239
-0.0541864
-0.480858
1.99835
3.6848
1.39087
-14.2333
-1.41337
3.02111
-0.283591
0.698824
13.219
-5.01075
-3.71362
-5.39817
-1.79351
-0.264199
4.38564
1.46035
6.35579
-4.84034
-8.34671
10.7698
-0.649994
-8.36128
-2.54379
2.30749
-0.509519
1.0102
-0.971794
0.789164
0.0343964
2.10293
-5.51655
-0.577116
-0.0371288
-4.73527
-2.21506
2.07046
7.55477
-1.17025
5.09809
-1.75449
6.34832
-2.51729
-2.68065
-0.0395597
1.19651
-0.170981
-4.74839
4.25521
0.949479
-6.01857
-2.64857
1.66224
1.06189
-15.0169
-3.89265
0.226434
-1.2905
27.631
-0.459803
-9.21137
0.243956
-3.99315
-0.18435
0.644782
-2.6653
0.538816
6.12759
-0.431958
-0.394087
3.02522
-4.24408
0.499227
-5.66944
0.316748
6.63275
5.74382
-6.01189
-5.05572
2.32437
-1.95832
6.17421
2.18011
0.767775
2.01122
3.0351
4.05626
-2.98195
-1.88208
2.63988
-0.439937
-1.08679
-0.352637
-8.65257
3.49907
0.323424
0.156407
3.89815
1.33231
-4.90427
-1.35767
-2.66165
-3.43617
-1.37043
-8.13617
-7.54362
2.10172
-0.663437
1.87254
6.73578
3.10776
-4.67054
-6.63002
-3.00065
-2.32047
-2.95291
3.84797
-2.04781
-1.39612
1.37992
-2.85964
3.49041
1.94624
2.33677
4.17332
-6.74429
-1.77828
0.0462548
3.50775
3.22059
-1.32297
0.512721
-3.72502
5.37828
-0.434731
0.454912
-0.070113
-4.28761
1.0636
8.45025
-0.758876
-1.18402
-0.345559
-3.58504
-8.60994
-4.6977
-2.84025
-5.82426
0.904126
-0.468208
5.62803
-5.49212
-2.45817
-0.018356
1.57528
1.34355
0.276675
-0.946599
-1.34637
5.24782
-5.15441
1.53949
2.32112
-4.77185
-1.82476
-2.06269
4.39082
-0.0471689
-1.51702
0.178932
-5.37648
-2.63843
-0.398195
-0.362099
-0.971379
0.103153
2.3862
-3.14176
11.0072
-0.0422968
0.67694
-0.597915
2.10475
-0.914688
-0.760422
-0.968063
-2.86042
-1.49966
-0.240053
-7.84778
-0.567676
3.32781
-5.49587
-0.278979
1.45352
-2.07285
-0.291185
-4.33431
2.07225
0.273058
1.79188
-1.42879
-6.72729
0.940846
-1.63366
0.864246
-1.63263
-6.60279
-6.99913
0.0805724
-0.995111
1.27349
9.21784
-0.271744
5.7745
-1.41914
1.66068
0.90656
0.252102
-5.83054
-4.44445
-0.678444
3.26391
-3.05331
2.43714
1.7325
-2.20441
1.17336
-7.29467
-0.0346999
-0.407803
-10.6317
-0.184669
1.01777
-2.79421
-1.08162
10.153
0.267477
0.683338
6.7132
3.97278
1.21265
-3.48657
5.18129
-0.462602
4.4723
-5.32117
-1.88376
-6.29159
2.4993
-0.363792
-1.53848
1.58493
-0.286561
-0.445152
-0.113106
2.25614
-2.31268
0.0280305
-6.12759
-1.02578
1.99776
0.455959
-3.76369
0.49427
-2.12844
2.6118
2.20691
-1.09542
-2.12661
2.34594
-9.65663
-1.02072
-0.489322
-0.676564
0.425382
-2.15478
1.6612
0.60745
-10.402
3.38196
1.0589
3.95254
0.257327
2.44459
0.880698
-0.035307
-1.30901
0.583304
0.363454
1.0799
-2.76014
-0.127157
-9.98942
9.74801
2.1517
-0.9801
10.926
-0.726215
-4.74109
-1.48584
-2.03064
-8.13166
-3.73438
0.898859
-0.0517437
2.18508
0.16749
-2.40554
0.451771
-2.3335
-11.019
-0.874267
-1.59921
-0.00330182
1.03085
-8.96329
-4.12903
3.01291
-0.0645904
-0.461902
-1.10624
-2.6406
-9.02949
0.497455
-0.0750305
4.82831
8.37593
3.62495
-2.47935
0.387935
3.62997
-8.50084
0.136876
7.99497
-0.263217
2.13821
1.53848
0.275688
-0.617385
4.60856
2.09569
0.207407
-5.78893
9.48182
0.974698
-6.1907
-3.21533
-2.45817
-3.8523
-2.59181
-2.59608
0.809526
1.42203
2.85731
2.95612
0.0477785
-0.452469
-0.423309
-2.42029
-7.20722
4.44974
-4.17694
-1.28359
7.82733
-2.56629
-7.59977
-0.570577
0.841921
-2.10475
-3.06162
2.31592
-3.49137
-4.84788
-2.34528
3.8189
-3.46841
-1.89334
-4.0737
2.29135
7.92679
-3.81783
-1.21895
4.32035
5.1195
-1.26433
2.17825
11.8899
5.08662
-0.151039
-3.78057
1.78534
5.70138
-1.95544
-0.258962
-2.68065
-8.92191
-2.6025
0.402995
1.92337
-5.9415
1.3823
-2.2308
-6.78721
-3.01209
-0.623657
-3.4183
-0.707927
-1.74428
0.479802
-0.221586
0.00150038
-4.72511
-0.147886
2.9353
0.0547974
-1.0508
-4.19996
-0.606349
1.33558
-0.230967
-1.94969
-0.0429054
0.0280305
4.63236
-12.6802
0.269774
-1.92736
-16.7983
2.22512
-0.126844
-2.44594
4.18782
1.70325
-0.874669
-0.586585
2.10656
3.1658
4.57529
0.620704
2.26124
1.51006
6.10915
-4.4326
0.405741
-7.63397
-0.855855
-0.962683
-7.54733
-0.547445
-0.108747
1.72503
0.982181
-1.19472
-1.34778
-6.47286
0.396483
0.154196
-0.129662
0.0673504
-0.256674
12.206
1.51105
-3.928
1.14862
-5.39273
4.74985
0.885127
-1.9052
0.800503
0.543846
0.79737
-3.54272
2.01181
-0.641808
-0.748078
-2.36964
-10.2247
-1.4883
4.88586
-0.333465
4.93675
1.64454
1.01062
2.55854
22.8027
-6.69079
3.749
-2.3703
6.12528
1.34543
8.73417
-4.96959
-0.967235
6.18363
0.978022
1.69268
3.85446
-1.47405
5.5015
-0.924063
3.47604
-9.99781
-1.30391
-0.270102
-9.73258
-10.7374
-0.557905
-2.22323
-1.48191
2.56982
1.56819
1.75665
3.54663
-5.21864
-5.24093
1.33137
-5.25819
12.2951
-1.49817
0.956074
1.3539
-2.03596
-5.00597
-1.38468
-3.01619
0.707547
3.94025
0.37465
-8.73969
-1.01735
-1.22661
-3.44089
-4.83282
-0.339842
-0.926513
0.148201
0.399566
1.59003
-0.182118
-0.751544
-6.04321
-4.18419
-0.82568
2.49378
1.73892
1.00936
-2.62905
1.53798
1.76366
3.94248
4.39861
-0.0997398
-0.777867
4.46565
-2.0218
-0.55646
0.128723
-8.2891
-1.41914
1.54852
0.204515
-0.420891
1.85746
-2.08304
3.50292
-0.365825
1.39183
0.631422
2.06269
0.578934
-4.12547
10.9375
-2.41358
3.00555
-2.5494
3.78693
4.67196
-4.83132
2.70347
-0.832799
-5.99635
-0.658202
4.30393
0.230319
2.47524
4.25397
6.39853
-1.71491
-1.27991
6.81617
22.2557
-0.910215
1.63677
2.67626
2.92255
-2.27978
-6.77858
4.45636
-6.64922
-0.305766
-3.39217
8.59938
1.03721
-0.518421
-0.238104
2.03359
0.762355
3.34148
9.46067
-3.93579
-4.47097
1.76636
6.22396
3.88826
0.81976
6.10455
-0.79385
1.68688
-1.54701
-2.81254
2.03892
-2.3335
-2.34331
-1.37612
-6.79587
2.70568
-4.83582
-6.20966
4.34196
-2.41962
-7.0271
2.5501
0.355675
0.666432
7.03022
11.4095
-6.15315
-2.48484
4.48699
0.82568
0.613333
3.8458
1.29096
1.52848
-7.78684
5.28253
-6.50679
-3.59795
-1.10798
-0.422963
0.892389
7.64546
-5.3478
0.680702
7.856
-10.6317
-0.720488
27.631
-1.00055
2.64422
1.13589
-0.277004
0.00841178
-8.75631
1.39851
-1.044
-0.69731
1.83139
-0.892793
0.72545
13.9069
0.0861245
7.26073
-3.36441
-2.36237
8.68495
1.24473
-2.62473
-3.54663
-0.470312
2.88308
-2.98925
0.0374326
0.124029
-2.50621
6.43931
-3.10607
2.72571
-0.0879775
5.205
-7.30835
-2.06627
-4.44445
1.54651
3.336
1.56313
4.22439
2.01005
-8.00793
0.130915
9.73258
-0.21868
8.50595
-7.8891
-1.22165
-3.08083
-6.74429
1.49521
-1.65078
1.91655
-0.776701
4.23299
-1.86639
1.25337
15.2984
0.292838
-2.41023
-2.79345
5.07683
15.2496
-3.74796
-8.60994
-0.304438
-2.18259
-0.557182
-7.24726
-1.57731
-0.647387
-2.16402
-0.191376
1.04017
2.47387
-3.01045
3.86533
0.733485
-7.62253
-1.2095
1.39278
3.1996
6.83075
2.75864
-0.83082
-1.01651
2.50206
-0.259616
0.235182
-2.08004
-3.96714
5.60657
-0.194256
15.7773
-1.25337
3.45224
0.121841
0.832799
-2.62617
-0.60488
2.32502
1.22932
-1.47258
2.92733
-1.34402
-1.18135
10.4116
-1.24427
0.762742
2.27146
0.954424
-3.97503
-1.18669
-0.133423
-4.59604
3.26124
5.10302
-1.85523
0.712869
1.15919
-1.22255
-1.77773
-5.39092
-1.39803
-3.85989
-0.706028
-0.113106
1.3804
-0.647759
1.02451
2.61682
-0.0386479
0.947422
2.86354
0.291846
-6.688
-1.42686
-10.0062
4.45106
-0.254714
1.47797
-2.94329
-10.9375
5.73975
-0.092615
0.703372
-3.06996
4.07837
-0.0997398
9.06007
-1.30206
4.3115
-7.28105
2.00068
0.985929
-0.363792
-6.69638
3.7323
-1.72503
0.0676572
8.60994
-3.50582
-1.25656
6.09767
-2.85731
-2.29522
-0.914688
1.4177
-1.25793
0.231939
1.43556
-0.836365
0.944954
-1.92565
-0.110614
-2.3525
-1.52848
0.421927
-1.39183
-5.66349
1.10581
3.26658
1.55859
3.00228
15.2016
-11.1272
-2.20191
-3.56233
1.43653
-0.366503
-8.54194
3.06996
5.30882
5.54118
2.94009
0.754629
-0.740772
5.46418
1.74053
-0.0563255
5.66547
0.313749
1.37043
-0.865848
0.914281
0.316082
0.53738
3.61993
-1.69057
-12.019
-0.351962
-3.101
-0.58768
-2.55291
0.577843
-2.85886
-0.154827
5.83054
7.1384
-1.09369
-0.784484
-5.24093
7.86837
7.72712
3.32054
-1.27165
2.37559
0.0667368
-4.7645
5.89406
1.11972
0.702234
-1.94854
1.7096
-0.773205
-2.31268
-3.29524
-0.300456
-1.28221
6.78433
3.4981
3.86424
4.19632
-5.71546
-6.99295
-2.22701
-4.89198
-1.60587
-0.491088
7.1384
-5.69536
-4.39601
-1.71385
-2.43444
-13.5296
0.498518
0.8056
0.71401
-0.991769
-0.680325
-0.252102
1.37091
1.40809
-6.98063
0.247211
-2.02062
3.11877
4.90427
-3.32145
2.71457
-7.37421
-9.4889
3.19611
7.08064
-1.56515
-3.27015
2.52494
1.78588
1.3295
-0.87507
0.585856
0.959789
-1.31365
0.220617
0.794241
-2.16094
0.0147361
7.10617
-6.7671
-2.61682
-7.05218
-0.212877
-3.86315
-3.25147
-2.05197
-3.07497
0.0661234
-0.219971
1.62385
1.04187
0.346906
0.154196
2.24598
0.591331
-2.03655
2.54239
-0.169076
-0.395456
-4.1481
-0.989265
-2.44798
2.10596
2.61969
-0.863846
6.85718
7.43439
0.00450338
-0.685222
6.39853
0.0664301
0.946599
2.92733
9.28997
0.455959
0.676564
0.431265
-0.455261
-1.01693
2.93211
0.729656
-4.16369
1.55708
-1.60075
-0.363115
-2.67553
0.166855
3.29884
-1.65859
4.50444
0.440284
-0.555376
0.370913
-7.02086
2.28878
0.493916
5.22891
-4.11008
-4.12073
3.07832
-0.107192
3.70639
-3.70536
4.84939
-0.687108
-0.537739
-4.27261
2.9329
0.760808
-7.3221
0.800111
-3.36994
2.2978
-4.08071
-6.12528
-4.42079
-1.67166
3.95927
-7.68018
-0.538816
8.67953
1.55456
0.257
0.155143
-0.513433
-0.965165
-0.353649
3.60194
7.14488
0.591331
0.416407
-2.19504
-1.7309
0.708306
-4.1685
-13.1222
1.70642
-0.58841
0.503127
-3.7774
-3.46269
-4.03891
7.52146
8.92191
-2.04959
1.36003
2.13271
0.397853
1.65651
-5.65755
-2.08846
-4.89658
-8.03402
0.0359141
-1.75234
1.47797
1.11058
1.52998
5.78068
6.21919
4.0148
1.84967
-2.04425
3.54859
2.77146
-0.162418
3.07832
3.42957
-0.178613
-5.06058
-8.93958
-0.613701
-2.27146
1.59003
-10.663
12.9152
9.82634
0.605614
-0.844305
0.597183
3.91027
-3.61792
0.330784
1.68425
-5.37108
0
7.00843
-1.94051
-14.3386
1.92451
-0.0593839
-3.48274
4.29388
1.69162
1.2203
0.959376
0.783315
1.89616
-0.983013
-1.6487
-0.372271
-1.87815
-11.1272
-0.495332
0.552129
-1.82752
2.87212
8.67412
-4.34323
-0.520204
-1.71917
3.11877
-0.205158
-5.34068
14.801
11.3961
0.652603
-2.01768
-1.87647
-0.00510434
-11.604
-7.34978
8.54711
-2.00244
-2.09448
-3.52227
4.81037
1.3804
0.00570542
3.67968
-3.65422
-1.78099
-3.43806
5.33712
-12.1711
2.04306
-2.27082
2.61682
1.06104
6.43418
-0.0670436
5.71143
2.13149
1.56111
0.0630581
14.3386
-7.1841
1.58087
-2.50137
3.15204
0.458055
2.6161
0.53057
-3.7511
1.08248
-6.09996
5.63391
2.08725
1.68636
-1.64662
-5.07194
7.96922
-2.69609
-5.68936
-14.2333
-1.13895
-0.662688
1.79952
4.18419
1.45596
-0.935105
13.319
-2.13088
-3.10776
1.14994
0.503481
-5.53548
4.24655
-0.196497
-0.844305
2.33742
-0.124342
0.221263
-1.4883
-0.0947816
-2.59181
1.07131
-3.99428
-4.73236
-2.00302
-4.09948
3.95815
-1.05208
-0.501708
0.314082
8.84083
2.41693
-0.775535
6.81035
-1.07217
3.65117
-0.594987
-4.07021
-1.23747
0.503127
-2.72869
0.76855
-1.81596
0.887143
0.235507
-2.43714
0.0371288
-7.67631
-0.806777
4.89045
5.75605
-4.01594
3.36441
-0.922022
-0.14096
-4.4723
-3.66641
-3.693
-2.17391
3.80713
-0.784484
-3.03675
-3.09763
1.19428
2.29393
-0.163052
-0.282932
-1.12016
3.09595
-0.8811
-3.93245
-3.90696
5.48465
4.66485
8.10025
-2.47319
-3.89375
0.85386
-1.19472
1.22481
2.51799
-1.90917
-2.33416
0.496747
2.43444
-2.85265
0.0762611
1.04272
-8.00361
-1.01146
-6.62182
2.55643
1.24246
-9.07857
-3.04502
-1.75988
1.31365
-3.10776
-3.634
1.72983
-1.84911
-1.65703
3.99656
0.305102
2.35776
1.00852
5.4457
-0.90291
-3.08838
0.814639
8.95735
1.26204
-0.990516
7.2439
-10.5498
-0.268461
1.29974
0.230319
-1.9325
7.74293
-11.4095
-4.85846
1.29558
-0.13876
-0.621073
0.648876
-1.2167
1.74643
-0.0496079
0.388618
-4.26017
-0.363792
-0.092615
-2.49103
2.88858
1.24473
-0.227405
-2.81945
-2.11323
0.0204697
-4.52742
10.9605
-3.24438
2.75488
-0.867049
0.572755
-0.3835
-0.775924
6.13686
0.0642838
4.46166
-2.52355
0.0734929
2.04306
4.27511
0.330449
-5.08989
1.19606
-3.8806
5.57755
5.30882
8.36128
-1.68583
-1.73036
-3.62495
4.14213
-0.519848
1.19741
0.105017
-0.571666
-0.390326
0.304105
2.09569
-5.49962
-1.99135
-2.12296
-0.505966
7.59977
0.72545
3.12046
-1.51801
0.232263
-1.6769
12.3498
0.0833471
9.96439
-2.78813
2.34659
-2.986
1.44137
0.121529
2.23964
1.42589
1.26844
3.59198
5.44386
0.443065
3.10185
-1.6316
0.942489
-1.46573
2.9521
1.91371
1.27073
1.72503
1.45694
-1.54149
-3.008
-4.88281
-6.76138
0.891581
3.12641
2.31333
-1.47748
6.81326
-2.68873
5.35316
-1.10321
-1.89334
6.51467
-2.91383
-1.45255
1.12408
-0.025609
-1.31458
1.49472
2.92573
-0.0848898
2.37228
3.4513
0.723923
3.45224
-5.04925
4.90735
-1.11232
4.88586
-4.24038
3.11792
1.82036
0.720488
-2.70347
-2.2689
9.44665
-1.74696
6.52258
5.40725
-2.52703
-2.46635
1.68794
-0.381796
-1.86304
1.86136
-3.57712
-12.9152
11.2142
-5.57947
-2.82175
4.80441
2.19816
5.90692
0.475581
-2.15724
1.30159
0.583668
0.26879
0.129975
0.481211
-3.70639
1.02114
-5.3639
-5.16782
3.03675
6.73295
-0.574571
-0.599746
1.99135
2.23017
0.18148
-15.6641
5.05734
1.14554
-1.46475
-0.557543
-1.55305
-1.49817
-1.3785
0.164002
12.4815
-7.90579
3.46269
4.01023
-3.5643
-1.47111
-3.23114
-10.6214
-16.0806
-4.19753
1.12583
0.213521
-4.87061
-1.0457
0.242004
-2.20754
2.50828
5.2686
-2.03478
1.16317
1.0406
-1.70854
-7.26411
-8.03839
-1.80061
-9.91494
-4.27137
1.45255
-3.07246
0.69996
-1.96236
-2.71086
0.832403
0.836365
0.817395
-3.45319
0.232588
1.33184
-0.409866
-1.66277
1.84356
-5.87911
1.59921
1.39851
-0.127157
0.206122
3.18308
0.486145
0.280955
-1.17513
5.23749
-5.61631
-0.0240965
-0.597183
-0.991769
-0.134051
3.39496
-1.47356
3.36902
-3.09932
3.30335
-0.917945
0.603412
7.36022
-5.27555
-1.47945
3.4494
-6.07941
-2.07524
-2.7609
2.72497
-4.96331
-0.109992
5.74585
1.08635
-1.8636
3.008
0.533435
5.54499
1.8017
2.56277
-1.64558
0.180843
0.324092
-9.04169
-7.82733
0.681078
2.96175
0.505256
4.23176
11.8899
6.21919
-0.680325
-2.93849
4.10301
6.68243
5.07357
-3.91912
-3.92467
-0.629942
-0.481915
-2.59751
-1.10494
-1.27532
1.05848
3.93022
3.16063
6.98987
7.50677
0.412274
-2.35513
1.59003
4.23422
-4.8509
1.86415
-3.4646
2.13149
-2.02474
0.728126
0.571666
-0.426074
-0.873866
6.91677
0.101912
-0.496039
4.52335
0.88916
1.00768
7.63397
6.70198
-7.36022
2.2785
6.21204
-2.1102
-6.63002
1.47601
-9.97271
6.5785
4.73673
0.505256
7.03335
1.2905
1.2942
-3.008
0.547805
0.756173
0.40128
-5.95239
-2.88858
-0.900479
3.16235
1.28682
5.73772
7.69965
-0.04108
3.42581
0.142533
-1.12103
-1.05976
2.9067
-1.4404
-1.55607
-3.65827
3.67559
1.39708
0.658575
10.1178
2.87759
-1.57731
7.46674
-1.20591
0.488616
-0.946599
-1.23113
1.62385
0.441327
-0.101912
1.33792
-2.31138
-2.1376
-3.68992
-2.9513
1.07517
-3.42393
-2.77978
-0.621811
1.98436
1.50808
3.48753
0.826865
0.183712
0.224817
-0.396483
1.63573
-13.1461
4.03315
-5.47161
-0.0557142
-0.15388
3.17702
1.58239
-3.41924
0.783315
-5.85367
11.0427
-2.19442
0.355
-4.50848
1.43943
-1.1707
-3.39496
0.617016
-0.092615
-0.0593839
-1.38182
0.731187
-3.45414
-1.91087
-1.62489
-3.53199
4.66201
0.267149
-2.126
-1.20726
0.389984
0.0991196
3.75634
-0.700718
0.0722634
-3.55742
